Iteración, Número Contenedores, FBPP, Solución, Representación, Pesos, Total Vecinos Visitados, Evaluaciones, Tiempo Ejecución 
67, 23, 0.853360695652174, [87; 112; 82; 108; 86; 15; 10; 9; 13; 12; 80; 102; 81; 97; 96; 24; 26; 29; 25; 27; 65; 68; 64; 72; 66; 109; 84; 70; 103; 67; 54; 57; 60; 62; 56; 51; 50; 48; 53; 55; 33; 31; 30; 32; 34; 21; 23; 22; 18; 28; 99; 106; 101; 44; 49; 95; 73; 69; 88; 92; 107; 59; 111; 74; 76; 110; 104; 6; 7; 11; 8; 4; 91; 100; 94; 63; 105; 41; 115; 71; 89; 98; 61; 52; 38; 37; 36; 40; 35; 93; 78; 85; 39; 113; 90; 43; 42; 45; 47; 46; 83; 79; 58; 77; 75; 118; 19; 16; 20; 17; 14; 3; 2; 5; 1; 0; 116; 114; 117; 119], [[87; 112; 82; 108; 86]; [15; 10; 9; 13; 12]; [80; 102; 81; 97; 96]; [24; 26; 29; 25; 27]; [65; 68; 64; 72; 66]; [109; 84; 70; 103; 67]; [54; 57; 60; 62; 56]; [51; 50; 48; 53; 55]; [33; 31; 30; 32; 34]; [21; 23; 22; 18; 28]; [99; 106; 101; 44; 49; 95]; [73; 69; 88; 92; 107; 59]; [111; 74; 76; 110; 104]; [6; 7; 11; 8; 4]; [91; 100; 94; 63; 105; 41]; [115; 71; 89; 98; 61; 52]; [38; 37; 36; 40; 35]; [93; 78; 85; 39; 113; 90]; [43; 42; 45; 47; 46]; [83; 79; 58; 77; 75; 118]; [19; 16; 20; 17; 14]; [3; 2; 5; 1; 0]; [116; 114; 117; 119]], [80600; 97700; 81000; 95400; 86300; 82100; 88500; 90700; 94300; 96200; 100000; 100000; 80400; 98400; 100000; 100000; 93100; 100000; 91800; 100000; 96900; 99600; 60200], 485520, 485521, 14.362910270690918
58, 23, 0.8530989565217392, [4; 1; 0; 3; 2; 8; 14; 15; 13; 10; 109; 88; 100; 56; 112; 28; 35; 37; 36; 33; 64; 67; 72; 65; 68; 90; 91; 66; 79; 93; 75; 99; 73; 71; 95; 70; 69; 59; 78; 105; 76; 97; 61; 63; 55; 58; 60; 104; 82; 111; 62; 92; 43; 103; 83; 106; 77; 98; 20; 27; 22; 26; 23; 108; 102; 86; 87; 74; 34; 46; 47; 48; 45; 9; 11; 7; 6; 5; 114; 101; 107; 49; 30; 94; 96; 84; 12; 85; 89; 115; 117; 57; 80; 39; 113; 81; 42; 41; 40; 38; 44; 19; 18; 17; 21; 16; 31; 24; 25; 29; 32; 50; 53; 51; 54; 52; 110; 119; 118; 116], [[4; 1; 0; 3; 2]; [8; 14; 15; 13; 10]; [109; 88; 100; 56; 112]; [28; 35; 37; 36; 33]; [64; 67; 72; 65; 68]; [90; 91; 66; 79; 93; 75]; [99; 73; 71; 95; 70]; [69; 59; 78; 105; 76; 97]; [61; 63; 55; 58; 60]; [104; 82; 111; 62; 92; 43]; [103; 83; 106; 77; 98]; [20; 27; 22; 26; 23]; [108; 102; 86; 87; 74]; [34; 46; 47; 48; 45]; [9; 11; 7; 6; 5]; [114; 101; 107; 49; 30; 94]; [96; 84; 12; 85; 89; 115]; [117; 57; 80; 39; 113; 81]; [42; 41; 40; 38; 44]; [19; 18; 17; 21; 16]; [31; 24; 25; 29; 32]; [50; 53; 51; 54; 52]; [110; 119; 118; 116]], [99600; 97700; 81000; 93900; 86200; 100000; 83100; 100000; 88100; 100000; 80800; 96000; 81300; 92000; 98400; 100000; 100000; 100000; 92500; 96700; 95000; 90500; 60400], 421260, 421261, 12.58497667312622
64, 23, 0.8501466956521739, [81; 94; 87; 108; 90; 32; 38; 39; 40; 37; 48; 42; 43; 41; 44; 105; 82; 95; 68; 92; 49; 55; 57; 56; 59; 8; 10; 4; 7; 6; 97; 72; 75; 77; 71; 69; 100; 78; 60; 79; 101; 54; 50; 52; 51; 47; 31; 27; 24; 29; 30; 12; 13; 15; 9; 11; 114; 85; 53; 62; 88; 91; 65; 66; 70; 63; 64; 67; 113; 86; 107; 103; 5; 3; 0; 1; 2; 96; 110; 84; 61; 111; 19; 33; 36; 35; 34; 22; 16; 14; 18; 17; 93; 83; 112; 106; 76; 25; 104; 99; 109; 89; 45; 46; 80; 74; 58; 73; 98; 102; 26; 28; 23; 20; 21; 117; 116; 115; 118; 119], [[81; 94; 87; 108; 90]; [32; 38; 39; 40; 37]; [48; 42; 43; 41; 44]; [105; 82; 95; 68; 92]; [49; 55; 57; 56; 59]; [8; 10; 4; 7; 6]; [97; 72; 75; 77; 71]; [69; 100; 78; 60; 79; 101]; [54; 50; 52; 51; 47]; [31; 27; 24; 29; 30]; [12; 13; 15; 9; 11]; [114; 85; 53; 62; 88; 91]; [65; 66; 70; 63; 64]; [67; 113; 86; 107; 103]; [5; 3; 0; 1; 2]; [96; 110; 84; 61; 111]; [19; 33; 36; 35; 34]; [22; 16; 14; 18; 17]; [93; 83; 112; 106; 76; 25]; [104; 99; 109; 89; 45; 46]; [80; 74; 58; 73; 98; 102]; [26; 28; 23; 20; 21]; [117; 116; 115; 118; 119]], [81200; 93200; 92100; 81800; 89400; 98400; 84000; 100000; 90800; 95000; 97700; 100000; 86600; 80300; 99600; 80800; 94300; 96900; 100000; 100000; 100000; 96000; 75100], 464100, 464101, 13.655982255935669
57, 23, 0.8495457391304346, [87; 47; 83; 112; 103; 62; 116; 75; 111; 89; 32; 59; 54; 52; 57; 20; 23; 26; 18; 27; 97; 61; 63; 114; 99; 55; 29; 25; 31; 28; 24; 82; 81; 69; 77; 78; 91; 88; 79; 92; 93; 53; 60; 64; 67; 58; 80; 76; 86; 101; 105; 39; 40; 37; 42; 38; 17; 21; 22; 16; 19; 90; 108; 65; 66; 85; 74; 70; 68; 119; 72; 110; 49; 117; 44; 71; 106; 107; 113; 56; 109; 98; 104; 2; 6; 8; 11; 10; 0; 5; 1; 3; 4; 84; 95; 96; 73; 46; 94; 33; 30; 34; 36; 35; 13; 12; 15; 9; 14; 43; 51; 48; 45; 50; 41; 7; 100; 102; 118; 115], [[87; 47; 83; 112; 103]; [62; 116; 75; 111; 89]; [32; 59; 54; 52; 57]; [20; 23; 26; 18; 27]; [97; 61; 63; 114; 99; 55]; [29; 25; 31; 28; 24]; [82; 81; 69; 77; 78]; [91; 88; 79; 92; 93]; [53; 60; 64; 67; 58]; [80; 76; 86; 101; 105]; [39; 40; 37; 42; 38]; [17; 21; 22; 16; 19]; [90; 108; 65; 66; 85; 74]; [70; 68; 119; 72; 110]; [49; 117; 44; 71; 106; 107]; [113; 56; 109; 98; 104]; [2; 6; 8; 11; 10]; [0; 5; 1; 3; 4]; [84; 95; 96; 73; 46; 94]; [33; 30; 34; 36; 35]; [13; 12; 15; 9; 14]; [43; 51; 48; 45; 50]; [41; 7; 100; 102; 118; 115]], [82600; 81200; 90300; 96000; 100000; 95200; 84300; 82100; 87700; 81500; 92800; 96700; 100000; 81800; 100000; 80200; 98400; 99500; 100000; 93900; 97600; 91400; 100000], 414120, 414121, 12.367328405380249
65, 23, 0.8582636521739131, [42; 38; 37; 41; 40; 111; 66; 67; 65; 72; 104; 63; 102; 97; 110; 60; 53; 59; 57; 95; 56; 115; 91; 90; 79; 89; 20; 26; 32; 29; 30; 74; 99; 119; 18; 113; 61; 21; 22; 16; 19; 17; 52; 50; 46; 49; 54; 9; 15; 14; 12; 13; 70; 101; 100; 36; 105; 77; 23; 27; 28; 25; 24; 31; 35; 34; 39; 33; 93; 55; 92; 69; 83; 106; 75; 98; 88; 73; 85; 68; 112; 62; 58; 108; 78; 103; 82; 76; 71; 81; 86; 51; 94; 64; 87; 114; 107; 84; 109; 80; 96; 6; 0; 2; 3; 1; 4; 5; 10; 11; 8; 7; 44; 43; 47; 45; 48; 118; 116; 117], [[42; 38; 37; 41; 40]; [111; 66; 67; 65; 72; 104]; [63; 102; 97; 110; 60]; [53; 59; 57; 95; 56]; [115; 91; 90; 79; 89]; [20; 26; 32; 29; 30]; [74; 99; 119; 18; 113; 61]; [21; 22; 16; 19; 17]; [52; 50; 46; 49; 54]; [9; 15; 14; 12; 13]; [70; 101; 100; 36; 105; 77]; [23; 27; 28; 25; 24]; [31; 35; 34; 39; 33]; [93; 55; 92; 69; 83; 106]; [75; 98; 88; 73; 85]; [68; 112; 62; 58; 108]; [78; 103; 82; 76; 71; 81]; [86; 51; 94; 64; 87; 114]; [107; 84; 109; 80; 96; 6]; [0; 2; 3; 1; 4]; [5; 10; 11; 8; 7]; [44; 43; 47; 45; 48]; [118; 116; 117]], [92700; 100000; 82100; 87100; 80800; 95200; 100000; 96700; 90900; 97600; 100000; 95600; 93800; 100000; 82900; 83200; 100000; 100000; 100000; 99600; 98300; 91700; 45000], 471240, 471241, 13.90139389038086
62, 23, 0.8496621739130434, [116; 64; 85; 96; 92; 32; 41; 42; 40; 37; 38; 115; 100; 90; 119; 23; 30; 29; 31; 26; 24; 28; 27; 25; 19; 5; 0; 2; 3; 1; 81; 107; 99; 101; 22; 83; 88; 108; 86; 70; 47; 94; 78; 82; 79; 76; 84; 56; 59; 63; 58; 62; 98; 55; 68; 46; 111; 114; 113; 97; 87; 105; 71; 6; 17; 18; 16; 20; 110; 66; 60; 103; 72; 75; 45; 48; 49; 44; 43; 67; 74; 65; 73; 69; 106; 89; 112; 104; 61; 11; 9; 7; 4; 8; 50; 51; 54; 52; 53; 102; 95; 91; 109; 77; 10; 13; 12; 14; 15; 80; 93; 118; 57; 117; 21; 35; 39; 36; 34; 33], [[116; 64; 85; 96; 92]; [32; 41; 42; 40; 37]; [38; 115; 100; 90; 119]; [23; 30; 29; 31; 26]; [24; 28; 27; 25; 19]; [5; 0; 2; 3; 1]; [81; 107; 99; 101; 22; 83]; [88; 108; 86; 70; 47; 94]; [78; 82; 79; 76; 84]; [56; 59; 63; 58; 62]; [98; 55; 68; 46; 111; 114]; [113; 97; 87; 105; 71]; [6; 17; 18; 16; 20]; [110; 66; 60; 103; 72; 75]; [45; 48; 49; 44; 43]; [67; 74; 65; 73; 69]; [106; 89; 112; 104; 61]; [11; 9; 7; 4; 8]; [50; 51; 54; 52; 53]; [102; 95; 91; 109; 77]; [10; 13; 12; 14; 15]; [80; 93; 118; 57; 117; 21]; [35; 39; 36; 34; 33]], [81200; 93000; 80900; 95100; 95700; 99600; 100000; 100000; 83900; 88000; 100000; 80400; 97100; 100000; 91700; 85600; 80500; 98300; 90500; 80500; 97600; 100000; 93600], 449820, 449821, 13.46349024772644
71, 23, 0.8498626086956521, [30; 26; 28; 29; 31; 23; 27; 24; 25; 18; 50; 53; 56; 54; 55; 75; 76; 91; 106; 98; 44; 58; 57; 61; 59; 17; 21; 22; 20; 16; 112; 46; 9; 115; 105; 95; 82; 80; 71; 68; 72; 100; 96; 81; 110; 89; 3; 15; 12; 14; 13; 111; 103; 85; 78; 83; 33; 39; 38; 42; 40; 10; 6; 7; 11; 8; 49; 51; 47; 41; 48; 32; 35; 37; 34; 36; 79; 101; 87; 77; 43; 107; 88; 84; 86; 102; 66; 63; 65; 64; 62; 67; 94; 104; 108; 118; 45; 19; 1; 4; 5; 2; 0; 74; 93; 92; 70; 90; 73; 99; 69; 97; 109; 52; 60; 119; 113; 114; 117; 116], [[30; 26; 28; 29; 31]; [23; 27; 24; 25; 18]; [50; 53; 56; 54; 55]; [75; 76; 91; 106; 98]; [44; 58; 57; 61; 59]; [17; 21; 22; 20; 16]; [112; 46; 9; 115; 105; 95]; [82; 80; 71; 68; 72]; [100; 96; 81; 110; 89]; [3; 15; 12; 14; 13]; [111; 103; 85; 78; 83]; [33; 39; 38; 42; 40]; [10; 6; 7; 11; 8]; [49; 51; 47; 41; 48]; [32; 35; 37; 34; 36]; [79; 101; 87; 77; 43; 107]; [88; 84; 86; 102; 66]; [63; 65; 64; 62; 67]; [94; 104; 108; 118; 45; 19]; [1; 4; 5; 2; 0]; [74; 93; 92; 70; 90; 73]; [99; 69; 97; 109; 52; 60]; [119; 113; 114; 117; 116]], [95000; 95800; 90000; 81700; 88800; 96700; 100000; 84800; 80200; 97900; 81300; 93000; 98200; 91600; 93700; 100000; 82600; 86900; 100000; 99500; 100000; 100000; 75500], 514080, 514081, 15.427634477615356
65, 23, 0.8747548695652175, [98; 110; 51; 60; 96; 71; 48; 105; 97; 117; 67; 53; 88; 54; 94; 113; 84; 62; 2; 7; 5; 1; 4; 42; 40; 36; 39; 35; 24; 28; 27; 25; 29; 43; 47; 44; 41; 49; 20; 23; 19; 26; 18; 76; 78; 64; 93; 77; 107; 58; 56; 100; 66; 101; 104; 69; 91; 112; 106; 0; 6; 9; 10; 11; 102; 73; 70; 46; 114; 85; 72; 103; 95; 99; 108; 3; 8; 12; 15; 14; 118; 79; 61; 82; 111; 37; 52; 50; 55; 63; 45; 87; 90; 75; 80; 68; 89; 81; 65; 57; 115; 83; 86; 59; 92; 116; 109; 74; 38; 31; 33; 32; 30; 34; 16; 21; 17; 13; 22; 119], [[98; 110; 51; 60; 96; 71]; [48; 105; 97; 117; 67; 53]; [88; 54; 94; 113; 84; 62]; [2; 7; 5; 1; 4]; [42; 40; 36; 39; 35]; [24; 28; 27; 25; 29]; [43; 47; 44; 41; 49]; [20; 23; 19; 26; 18]; [76; 78; 64; 93; 77; 107]; [58; 56; 100; 66; 101]; [104; 69; 91; 112; 106]; [0; 6; 9; 10; 11]; [102; 73; 70; 46; 114; 85]; [72; 103; 95; 99; 108]; [3; 8; 12; 15; 14]; [118; 79; 61; 82; 111; 37]; [52; 50; 55; 63; 45]; [87; 90; 75; 80; 68; 89]; [81; 65; 57; 115; 83; 86]; [59; 92; 116; 109; 74; 38]; [31; 33; 32; 30; 34]; [16; 21; 17; 13; 22]; [119]], [100000; 100000; 100000; 99200; 93000; 95400; 91900; 96200; 100000; 84400; 80100; 98500; 100000; 80200; 98000; 100000; 90100; 100000; 100000; 100000; 94300; 96900; 15000], 471240, 471241, 14.717723369598389
71, 23, 0.8653504347826089, [56; 58; 74; 113; 77; 112; 105; 42; 87; 45; 106; 108; 48; 50; 47; 52; 51; 60; 63; 70; 64; 62; 71; 76; 73; 79; 69; 80; 119; 101; 83; 82; 23; 20; 25; 19; 27; 95; 86; 65; 94; 66; 81; 46; 40; 49; 43; 44; 24; 29; 30; 26; 28; 57; 59; 55; 54; 53; 85; 93; 91; 102; 103; 7; 11; 10; 4; 6; 37; 34; 32; 38; 33; 36; 100; 97; 90; 89; 78; 84; 31; 109; 92; 107; 72; 68; 110; 39; 99; 96; 75; 13; 12; 14; 8; 9; 15; 16; 21; 18; 22; 3; 1; 0; 2; 5; 67; 114; 41; 35; 111; 117; 61; 104; 17; 88; 115; 98; 116; 118], [[56; 58; 74; 113; 77; 112]; [105; 42; 87; 45; 106; 108]; [48; 50; 47; 52; 51]; [60; 63; 70; 64; 62]; [71; 76; 73; 79; 69]; [80; 119; 101; 83; 82]; [23; 20; 25; 19; 27]; [95; 86; 65; 94; 66; 81]; [46; 40; 49; 43; 44]; [24; 29; 30; 26; 28]; [57; 59; 55; 54; 53]; [85; 93; 91; 102; 103]; [7; 11; 10; 4; 6]; [37; 34; 32; 38; 33]; [36; 100; 97; 90; 89; 78]; [84; 31; 109; 92; 107; 72]; [68; 110; 39; 99; 96; 75]; [13; 12; 14; 8; 9]; [15; 16; 21; 18; 22]; [3; 1; 0; 2; 5]; [67; 114; 41; 35; 111; 117]; [61; 104; 17; 88; 115; 98]; [116; 118]], [100000; 100000; 91100; 87000; 84900; 80900; 96000; 100000; 91900; 95200; 89300; 80700; 98400; 93700; 100000; 100000; 100000; 97700; 96800; 99600; 100000; 100000; 30000], 514080, 514081, 16.293719053268433
35, 22, 0.9250903636363638, [88; 101; 84; 91; 50; 82; 99; 73; 86; 100; 33; 96; 117; 102; 68; 65; 59; 71; 58; 60; 114; 108; 62; 85; 89; 27; 1; 34; 22; 12; 75; 112; 87; 77; 76; 64; 95; 107; 103; 109; 3; 10; 6; 0; 2; 80; 111; 81; 69; 56; 92; 61; 113; 83; 116; 72; 42; 37; 46; 51; 28; 115; 98; 43; 97; 79; 67; 105; 74; 63; 106; 93; 53; 17; 29; 5; 20; 7; 49; 52; 57; 54; 45; 30; 26; 13; 38; 18; 16; 4; 8; 9; 23; 14; 11; 24; 15; 19; 25; 48; 36; 47; 40; 94; 104; 70; 78; 110; 35; 41; 21; 39; 32; 31; 90; 66; 44; 55; 118; 119], [[88; 101; 84; 91; 50; 82]; [99; 73; 86; 100; 33; 96]; [117; 102; 68; 65; 59; 71]; [58; 60; 114; 108; 62; 85]; [89; 27; 1; 34; 22]; [12; 75; 112; 87; 77]; [76; 64; 95; 107; 103; 109]; [3; 10; 6; 0; 2]; [80; 111; 81; 69; 56; 92]; [61; 113; 83; 116; 72]; [42; 37; 46; 51; 28]; [115; 98; 43; 97; 79; 67]; [105; 74; 63; 106; 93; 53]; [17; 29; 5; 20; 7]; [49; 52; 57; 54; 45]; [30; 26; 13; 38; 18]; [16; 4; 8; 9; 23]; [14; 11; 24; 15; 19]; [25; 48; 36; 47; 40]; [94; 104; 70; 78; 110; 35]; [41; 21; 39; 32; 31]; [90; 66; 44; 55; 118; 119]], [100000; 100000; 100000; 99900; 93500; 85300; 97100; 99100; 100000; 81600; 92700; 99300; 100000; 97200; 90400; 95400; 97600; 97000; 92900; 100000; 94200; 100000], 249900, 249901, 7.942954063415527
64, 24, 0.8035235833333333, [84; 93; 111; 83; 80; 34; 29; 32; 30; 33; 87; 114; 90; 85; 97; 8; 13; 15; 14; 17; 96; 105; 79; 60; 117; 21; 35; 36; 39; 38; 67; 64; 66; 68; 65; 112; 50; 110; 104; 106; 5; 16; 18; 22; 23; 59; 57; 61; 58; 56; 2; 4; 0; 3; 6; 28; 25; 27; 26; 24; 76; 74; 77; 81; 82; 69; 75; 71; 70; 72; 55; 52; 46; 53; 54; 44; 41; 40; 42; 37; 118; 99; 73; 100; 92; 1; 11; 10; 9; 7; 94; 102; 91; 31; 89; 86; 116; 101; 95; 63; 62; 51; 45; 47; 43; 48; 49; 113; 19; 20; 115; 109; 108; 103; 107; 88; 12; 98; 78; 119], [[84; 93; 111; 83; 80]; [34; 29; 32; 30; 33]; [87; 114; 90; 85; 97]; [8; 13; 15; 14; 17]; [96; 105; 79; 60; 117]; [21; 35; 36; 39; 38]; [67; 64; 66; 68; 65]; [112; 50; 110; 104; 106]; [5; 16; 18; 22; 23]; [59; 57; 61; 58; 56]; [2; 4; 0; 3; 6]; [28; 25; 27; 26; 24]; [76; 74; 77; 81; 82]; [69; 75; 71; 70; 72]; [55; 52; 46; 53; 54]; [44; 41; 40; 42; 37]; [118; 99; 73; 100; 92]; [1; 11; 10; 9; 7]; [94; 102; 91; 31; 89; 86]; [116; 101; 95; 63; 62; 51]; [45; 47; 43; 48; 49]; [113; 19; 20; 115; 109; 108]; [103; 107; 88; 12; 98; 78]; [119]], [81700; 94400; 80500; 97500; 80800; 93900; 86400; 80300; 97000; 88200; 99300; 95500; 84200; 85400; 90400; 92500; 80100; 98500; 100000; 100000; 91600; 100000; 100000; 15000], 464100, 464101, 14.630962133407593
57, 23, 0.8495164347826085, [116; 64; 94; 58; 114; 35; 38; 36; 39; 37; 111; 77; 96; 105; 92; 1; 2; 5; 0; 3; 6; 11; 4; 10; 7; 70; 75; 72; 71; 65; 53; 117; 67; 109; 119; 16; 34; 29; 30; 31; 54; 52; 51; 55; 50; 57; 56; 60; 63; 66; 88; 107; 84; 80; 90; 41; 42; 44; 40; 43; 83; 68; 81; 73; 85; 97; 61; 82; 100; 76; 69; 112; 108; 19; 33; 115; 98; 15; 13; 8; 12; 9; 113; 102; 27; 87; 89; 74; 32; 104; 86; 93; 103; 78; 17; 14; 18; 22; 21; 101; 110; 62; 95; 91; 24; 26; 20; 23; 28; 46; 45; 48; 47; 49; 59; 106; 99; 25; 79; 118], [[116; 64; 94; 58; 114]; [35; 38; 36; 39; 37]; [111; 77; 96; 105; 92]; [1; 2; 5; 0; 3]; [6; 11; 4; 10; 7]; [70; 75; 72; 71; 65]; [53; 117; 67; 109; 119]; [16; 34; 29; 30; 31]; [54; 52; 51; 55; 50]; [57; 56; 60; 63; 66]; [88; 107; 84; 80; 90]; [41; 42; 44; 40; 43]; [83; 68; 81; 73; 85]; [97; 61; 82; 100; 76; 69]; [112; 108; 19; 33; 115; 98]; [15; 13; 8; 12; 9]; [113; 102; 27; 87; 89; 74]; [32; 104; 86; 93; 103; 78]; [17; 14; 18; 22; 21]; [101; 110; 62; 95; 91]; [24; 26; 20; 23; 28]; [46; 45; 48; 47; 49]; [59; 106; 99; 25; 79; 118]], [81400; 93200; 80100; 99600; 98400; 85600; 80700; 95000; 90500; 87800; 81600; 92300; 84200; 100000; 100000; 97700; 100000; 100000; 96800; 81000; 95800; 91500; 100000], 414120, 414121, 11.772696495056152
55, 24, 0.8034461666666667, [94; 1; 93; 96; 113; 89; 75; 78; 71; 105; 67; 92; 91; 110; 72; 118; 0; 2; 3; 6; 4; 26; 28; 24; 29; 25; 31; 32; 34; 30; 33; 108; 83; 98; 87; 60; 55; 61; 74; 73; 76; 64; 115; 112; 85; 97; 7; 11; 9; 8; 10; 48; 43; 44; 46; 45; 51; 53; 49; 47; 52; 106; 99; 88; 109; 66; 16; 40; 41; 42; 39; 86; 70; 104; 100; 119; 5; 82; 65; 81; 77; 69; 111; 84; 103; 107; 62; 22; 36; 38; 35; 37; 14; 15; 19; 17; 13; 56; 59; 54; 57; 58; 68; 95; 90; 101; 114; 12; 63; 50; 102; 80; 79; 116; 20; 21; 23; 18; 27; 117], [[94; 1; 93; 96; 113; 89]; [75; 78; 71; 105; 67]; [92; 91; 110; 72; 118]; [0; 2; 3; 6; 4]; [26; 28; 24; 29; 25]; [31; 32; 34; 30; 33]; [108; 83; 98; 87; 60]; [55; 61; 74; 73; 76]; [64; 115; 112; 85; 97]; [7; 11; 9; 8; 10]; [48; 43; 44; 46; 45]; [51; 53; 49; 47; 52]; [106; 99; 88; 109; 66]; [16; 40; 41; 42; 39]; [86; 70; 104; 100; 119; 5]; [82; 65; 81; 77; 69]; [111; 84; 103; 107; 62]; [22; 36; 38; 35; 37]; [14; 15; 19; 17; 13]; [56; 59; 54; 57; 58]; [68; 95; 90; 101; 114; 12]; [63; 50; 102; 80; 79; 116]; [20; 21; 23; 18; 27]; [117]], [100000; 83800; 80100; 99300; 95400; 94300; 82100; 86400; 80400; 98100; 91700; 90900; 80700; 93500; 100000; 84700; 80800; 93900; 97200; 88700; 100000; 100000; 96200; 15000], 399840, 399841, 11.49196720123291
59, 23, 0.8499164347826087, [37; 39; 42; 36; 38; 77; 98; 107; 100; 91; 14; 27; 24; 26; 23; 3; 5; 1; 4; 0; 103; 80; 111; 50; 71; 76; 78; 82; 81; 88; 83; 54; 53; 49; 51; 52; 66; 64; 68; 60; 69; 73; 72; 70; 75; 74; 79; 85; 106; 102; 105; 6; 9; 11; 8; 7; 21; 20; 19; 16; 22; 46; 41; 44; 45; 48; 33; 35; 32; 31; 34; 10; 13; 15; 12; 17; 97; 67; 117; 43; 118; 40; 84; 93; 99; 101; 94; 18; 29; 28; 25; 30; 61; 58; 63; 59; 57; 87; 86; 62; 104; 95; 56; 109; 89; 65; 90; 92; 47; 96; 112; 55; 108; 113; 2; 115; 114; 116; 110; 119], [[37; 39; 42; 36; 38]; [77; 98; 107; 100; 91]; [14; 27; 24; 26; 23]; [3; 5; 1; 4; 0]; [103; 80; 111; 50; 71; 76]; [78; 82; 81; 88; 83]; [54; 53; 49; 51; 52]; [66; 64; 68; 60; 69]; [73; 72; 70; 75; 74]; [79; 85; 106; 102; 105]; [6; 9; 11; 8; 7]; [21; 20; 19; 16; 22]; [46; 41; 44; 45; 48]; [33; 35; 32; 31; 34]; [10; 13; 15; 12; 17]; [97; 67; 117; 43; 118; 40]; [84; 93; 99; 101; 94]; [18; 29; 28; 25; 30]; [61; 58; 63; 59; 57]; [87; 86; 62; 104; 95; 56]; [109; 89; 65; 90; 92; 47]; [96; 112; 55; 108; 113; 2]; [115; 114; 116; 110; 119]], [93000; 80600; 96000; 99500; 100000; 83400; 90600; 86500; 85200; 80400; 98200; 96600; 91800; 94100; 97500; 100000; 80800; 95400; 87900; 100000; 100000; 100000; 75700], 428400, 428401, 12.037553310394287
75, 23, 0.858446, [114; 109; 94; 52; 101; 22; 34; 33; 35; 30; 68; 71; 69; 80; 88; 72; 86; 102; 95; 110; 21; 13; 17; 18; 20; 2; 3; 1; 0; 5; 23; 27; 28; 19; 26; 8; 14; 15; 12; 10; 50; 55; 53; 54; 46; 32; 29; 24; 31; 25; 103; 100; 111; 73; 56; 51; 67; 61; 57; 66; 58; 112; 82; 60; 113; 59; 63; 108; 106; 70; 77; 84; 45; 105; 74; 87; 107; 83; 36; 38; 39; 42; 37; 98; 64; 79; 85; 93; 75; 89; 62; 104; 99; 90; 47; 43; 44; 48; 40; 41; 7; 9; 6; 4; 11; 92; 97; 49; 91; 65; 96; 81; 76; 16; 78; 115; 117; 116; 119; 118], [[114; 109; 94; 52; 101]; [22; 34; 33; 35; 30]; [68; 71; 69; 80; 88]; [72; 86; 102; 95; 110]; [21; 13; 17; 18; 20]; [2; 3; 1; 0; 5]; [23; 27; 28; 19; 26]; [8; 14; 15; 12; 10]; [50; 55; 53; 54; 46]; [32; 29; 24; 31; 25]; [103; 100; 111; 73; 56; 51]; [67; 61; 57; 66; 58]; [112; 82; 60; 113; 59; 63]; [108; 106; 70; 77; 84; 45]; [105; 74; 87; 107; 83]; [36; 38; 39; 42; 37]; [98; 64; 79; 85; 93; 75]; [89; 62; 104; 99; 90; 47]; [43; 44; 48; 40; 41]; [7; 9; 6; 4; 11]; [92; 97; 49; 91; 65; 96]; [81; 76; 16; 78; 115; 117]; [116; 119; 118]], [80800; 94500; 84500; 80800; 96800; 99600; 95800; 97700; 90500; 95000; 100000; 87300; 100000; 100000; 81400; 93000; 100000; 100000; 92100; 98400; 100000; 100000; 45000], 542640, 542641, 15.341581583023071
49, 23, 0.8745072173913043, [39; 40; 41; 42; 37; 7; 6; 8; 10; 5; 4; 3; 1; 0; 2; 112; 66; 77; 102; 114; 15; 35; 36; 38; 33; 87; 30; 105; 86; 100; 84; 55; 53; 59; 54; 56; 23; 16; 21; 17; 20; 25; 27; 26; 28; 24; 68; 72; 60; 61; 78; 117; 88; 119; 18; 118; 22; 95; 70; 46; 92; 67; 115; 99; 75; 104; 96; 90; 19; 29; 31; 34; 32; 89; 48; 109; 113; 45; 93; 13; 9; 12; 14; 11; 103; 82; 65; 81; 97; 57; 44; 47; 43; 50; 51; 80; 76; 62; 101; 79; 91; 58; 98; 94; 110; 85; 49; 64; 111; 73; 63; 71; 106; 69; 108; 74; 52; 83; 107; 116], [[39; 40; 41; 42; 37]; [7; 6; 8; 10; 5]; [4; 3; 1; 0; 2]; [112; 66; 77; 102; 114]; [15; 35; 36; 38; 33]; [87; 30; 105; 86; 100; 84]; [55; 53; 59; 54; 56]; [23; 16; 21; 17; 20]; [25; 27; 26; 28; 24]; [68; 72; 60; 61; 78]; [117; 88; 119; 18; 118; 22]; [95; 70; 46; 92; 67; 115]; [99; 75; 104; 96; 90]; [19; 29; 31; 34; 32]; [89; 48; 109; 113; 45; 93]; [13; 9; 12; 14; 11]; [103; 82; 65; 81; 97; 57]; [44; 47; 43; 50; 51]; [80; 76; 62; 101; 79; 91]; [58; 98; 94; 110; 85; 49]; [64; 111; 73; 63; 71; 106]; [69; 108; 74; 52; 83; 107]; [116]], [92700; 98400; 99600; 80600; 94300; 100000; 89400; 96600; 95500; 86200; 100000; 100000; 80800; 94900; 100000; 97700; 100000; 91500; 100000; 100000; 100000; 100000; 15000], 357000, 357001, 10.079180002212524
63, 24, 0.80380625, [25; 26; 29; 24; 27; 62; 60; 57; 59; 56; 45; 51; 50; 55; 54; 106; 109; 53; 72; 48; 108; 82; 101; 118; 71; 105; 3; 0; 1; 5; 2; 17; 18; 16; 19; 20; 83; 76; 79; 81; 78; 67; 63; 61; 68; 70; 92; 89; 115; 77; 75; 40; 86; 117; 112; 96; 33; 31; 35; 30; 32; 65; 66; 103; 95; 80; 73; 64; 84; 98; 90; 110; 37; 38; 39; 36; 42; 41; 46; 47; 49; 43; 114; 74; 116; 34; 107; 44; 69; 91; 93; 111; 113; 6; 14; 15; 11; 13; 102; 99; 85; 88; 97; 12; 21; 22; 23; 28; 52; 104; 94; 87; 100; 58; 9; 7; 4; 8; 10; 119], [[25; 26; 29; 24; 27]; [62; 60; 57; 59; 56]; [45; 51; 50; 55; 54]; [106; 109; 53; 72; 48; 108]; [82; 101; 118; 71; 105]; [3; 0; 1; 5; 2]; [17; 18; 16; 19; 20]; [83; 76; 79; 81; 78]; [67; 63; 61; 68; 70]; [92; 89; 115; 77; 75]; [40; 86; 117; 112; 96]; [33; 31; 35; 30; 32]; [65; 66; 103; 95; 80; 73]; [64; 84; 98; 90; 110]; [37; 38; 39; 36; 42]; [41; 46; 47; 49; 43]; [114; 74; 116; 34; 107; 44]; [69; 91; 93; 111; 113]; [6; 14; 15; 11; 13]; [102; 99; 85; 88; 97]; [12; 21; 22; 23; 28]; [52; 104; 94; 87; 100; 58]; [9; 7; 4; 8; 10]; [119]], [95400; 88100; 90700; 100000; 80200; 99600; 96700; 84000; 86500; 81600; 81300; 94200; 100000; 81600; 93000; 91800; 100000; 80400; 97800; 80600; 96400; 100000; 98300; 15000], 456960, 456961, 13.06222414970398
56, 23, 0.8584014782608697, [72; 71; 77; 76; 70; 26; 27; 28; 19; 23; 37; 38; 36; 39; 40; 15; 14; 16; 13; 12; 52; 93; 67; 104; 91; 88; 115; 66; 85; 84; 114; 20; 35; 31; 34; 33; 90; 8; 95; 89; 97; 100; 111; 63; 101; 48; 94; 79; 47; 41; 43; 49; 46; 110; 56; 68; 92; 118; 45; 87; 42; 73; 103; 86; 102; 98; 113; 82; 78; 109; 4; 18; 17; 22; 21; 29; 32; 24; 30; 25; 80; 107; 74; 81; 83; 65; 51; 54; 55; 57; 53; 7; 10; 9; 11; 6; 106; 50; 112; 108; 75; 44; 61; 69; 60; 62; 96; 99; 105; 64; 59; 58; 1; 0; 5; 2; 3; 119; 117; 116], [[72; 71; 77; 76; 70]; [26; 27; 28; 19; 23]; [37; 38; 36; 39; 40]; [15; 14; 16; 13; 12]; [52; 93; 67; 104; 91; 88]; [115; 66; 85; 84; 114]; [20; 35; 31; 34; 33]; [90; 8; 95; 89; 97; 100]; [111; 63; 101; 48; 94; 79]; [47; 41; 43; 49; 46]; [110; 56; 68; 92; 118; 45]; [87; 42; 73; 103; 86; 102]; [98; 113; 82; 78; 109]; [4; 18; 17; 22; 21]; [29; 32; 24; 30; 25]; [80; 107; 74; 81; 83; 65]; [51; 54; 55; 57; 53]; [7; 10; 9; 11; 6]; [106; 50; 112; 108; 75]; [44; 61; 69; 60; 62]; [96; 99; 105; 64; 59; 58]; [1; 0; 5; 2; 3]; [119; 117; 116]], [85100; 95800; 93000; 97400; 100000; 80800; 94500; 100000; 100000; 91800; 100000; 100000; 80300; 97100; 95000; 100000; 89900; 98200; 81700; 88000; 100000; 99600; 45000], 406980, 406981, 11.450359344482422
54, 23, 0.8655082608695651, [14; 88; 116; 60; 97; 104; 107; 76; 110; 78; 90; 29; 36; 34; 33; 35; 6; 7; 8; 4; 10; 91; 109; 67; 81; 53; 93; 119; 87; 82; 86; 112; 0; 2; 3; 5; 1; 45; 43; 44; 47; 48; 113; 71; 102; 68; 92; 49; 32; 25; 27; 30; 26; 19; 17; 18; 16; 20; 80; 75; 73; 83; 103; 39; 42; 41; 40; 37; 15; 13; 12; 11; 9; 70; 61; 58; 69; 64; 22; 24; 21; 28; 23; 59; 89; 105; 77; 84; 74; 62; 98; 108; 100; 38; 85; 101; 57; 96; 65; 95; 66; 52; 50; 56; 54; 51; 115; 79; 94; 72; 99; 31; 55; 46; 106; 114; 111; 63; 117; 118], [[14; 88; 116; 60; 97; 104]; [107; 76; 110; 78; 90]; [29; 36; 34; 33; 35]; [6; 7; 8; 4; 10]; [91; 109; 67; 81; 53; 93]; [119; 87; 82; 86; 112]; [0; 2; 3; 5; 1]; [45; 43; 44; 47; 48]; [113; 71; 102; 68; 92; 49]; [32; 25; 27; 30; 26]; [19; 17; 18; 16; 20]; [80; 75; 73; 83; 103]; [39; 42; 41; 40; 37]; [15; 13; 12; 11; 9]; [70; 61; 58; 69; 64]; [22; 24; 21; 28; 23]; [59; 89; 105; 77; 84; 74]; [62; 98; 108; 100; 38; 85]; [101; 57; 96; 65; 95; 66]; [52; 50; 56; 54; 51]; [115; 79; 94; 72; 99; 31]; [55; 46; 106; 114; 111; 63]; [117; 118]], [100000; 81100; 94000; 98400; 100000; 80100; 99600; 91700; 100000; 95100; 96700; 83100; 92700; 97700; 86700; 96000; 100000; 100000; 100000; 90300; 100000; 100000; 30000], 392700, 392701, 11.087912559509277
53, 23, 0.8495965217391303, [88; 112; 114; 37; 110; 26; 24; 25; 29; 31; 47; 44; 45; 46; 43; 107; 97; 70; 83; 103; 27; 23; 18; 28; 20; 90; 73; 64; 85; 68; 75; 77; 81; 91; 92; 76; 50; 118; 82; 104; 59; 89; 108; 111; 98; 17; 19; 22; 16; 21; 15; 13; 12; 14; 11; 53; 105; 109; 54; 65; 106; 1; 4; 2; 3; 0; 87; 102; 115; 72; 84; 30; 100; 113; 69; 99; 93; 9; 7; 5; 6; 8; 63; 62; 60; 61; 58; 71; 80; 101; 66; 96; 67; 86; 56; 74; 78; 79; 116; 33; 35; 34; 32; 36; 57; 48; 49; 52; 55; 38; 40; 41; 42; 39; 94; 51; 10; 95; 117; 119], [[88; 112; 114; 37; 110]; [26; 24; 25; 29; 31]; [47; 44; 45; 46; 43]; [107; 97; 70; 83; 103]; [27; 23; 18; 28; 20]; [90; 73; 64; 85; 68]; [75; 77; 81; 91; 92]; [76; 50; 118; 82; 104]; [59; 89; 108; 111; 98]; [17; 19; 22; 16; 21]; [15; 13; 12; 14; 11]; [53; 105; 109; 54; 65; 106]; [1; 4; 2; 3; 0]; [87; 102; 115; 72; 84; 30]; [100; 113; 69; 99; 93]; [9; 7; 5; 6; 8]; [63; 62; 60; 61; 58]; [71; 80; 101; 66; 96; 67]; [86; 56; 74; 78; 79; 116]; [33; 35; 34; 32; 36]; [57; 48; 49; 52; 55]; [38; 40; 41; 42; 39]; [94; 51; 10; 95; 117; 119]], [81000; 95200; 91700; 81000; 96000; 84500; 83200; 82500; 80700; 96700; 97600; 100000; 99600; 100000; 80500; 98400; 87600; 100000; 100000; 93900; 90400; 92700; 100000], 385560, 385561, 10.88479471206665
56, 23, 0.8532180869565218, [108; 82; 83; 75; 80; 62; 109; 105; 68; 97; 43; 51; 53; 50; 55; 69; 77; 114; 101; 103; 16; 17; 13; 20; 21; 44; 49; 46; 45; 40; 84; 85; 73; 78; 111; 61; 64; 48; 112; 93; 96; 81; 41; 88; 72; 99; 86; 107; 102; 56; 76; 104; 106; 47; 100; 87; 67; 74; 23; 19; 18; 26; 25; 11; 12; 9; 14; 15; 42; 39; 38; 37; 35; 91; 117; 98; 110; 52; 22; 92; 57; 71; 89; 113; 66; 65; 63; 60; 58; 54; 7; 10; 6; 4; 8; 34; 32; 36; 31; 33; 79; 90; 59; 95; 70; 94; 27; 30; 28; 29; 24; 2; 3; 1; 5; 0; 115; 116; 119; 118], [[108; 82; 83; 75; 80]; [62; 109; 105; 68; 97]; [43; 51; 53; 50; 55]; [69; 77; 114; 101; 103]; [16; 17; 13; 20; 21]; [44; 49; 46; 45; 40]; [84; 85; 73; 78; 111; 61]; [64; 48; 112; 93; 96; 81]; [41; 88; 72; 99; 86; 107]; [102; 56; 76; 104; 106]; [47; 100; 87; 67; 74]; [23; 19; 18; 26; 25]; [11; 12; 9; 14; 15]; [42; 39; 38; 37; 35]; [91; 117; 98; 110; 52; 22]; [92; 57; 71; 89; 113; 66]; [65; 63; 60; 58; 54]; [7; 10; 6; 4; 8]; [34; 32; 36; 31; 33]; [79; 90; 59; 95; 70; 94]; [27; 30; 28; 29; 24]; [2; 3; 1; 5; 0]; [115; 116; 119; 118]], [82600; 81700; 90800; 80700; 96900; 91800; 100000; 100000; 100000; 81800; 84900; 96000; 97700; 93000; 100000; 100000; 87900; 98400; 94100; 100000; 95200; 99600; 60100], 406980, 406981, 11.490645408630371
60, 23, 0.8500167826086958, [42; 35; 38; 39; 41; 73; 68; 77; 81; 80; 79; 100; 88; 69; 98; 54; 57; 59; 58; 61; 72; 108; 101; 112; 71; 23; 25; 29; 28; 32; 95; 96; 82; 83; 113; 15; 16; 18; 21; 20; 11; 7; 8; 6; 5; 13; 14; 10; 17; 9; 37; 97; 103; 76; 102; 70; 89; 94; 92; 99; 86; 30; 36; 33; 34; 31; 48; 46; 43; 40; 44; 74; 107; 91; 85; 55; 87; 51; 52; 49; 47; 56; 45; 110; 12; 104; 106; 109; 65; 66; 64; 60; 63; 4; 3; 0; 1; 2; 53; 50; 78; 105; 90; 119; 111; 84; 62; 93; 67; 75; 19; 27; 24; 22; 26; 114; 117; 115; 118; 116], [[42; 35; 38; 39; 41]; [73; 68; 77; 81; 80]; [79; 100; 88; 69; 98]; [54; 57; 59; 58; 61]; [72; 108; 101; 112; 71]; [23; 25; 29; 28; 32]; [95; 96; 82; 83; 113]; [15; 16; 18; 21; 20]; [11; 7; 8; 6; 5]; [13; 14; 10; 17; 9]; [37; 97; 103; 76; 102; 70]; [89; 94; 92; 99; 86]; [30; 36; 33; 34; 31]; [48; 46; 43; 40; 44]; [74; 107; 91; 85; 55; 87]; [51; 52; 49; 47; 56]; [45; 110; 12; 104; 106; 109]; [65; 66; 64; 60; 63]; [4; 3; 0; 1; 2]; [53; 50; 78; 105; 90; 119]; [111; 84; 62; 93; 67; 75]; [19; 27; 24; 22; 26]; [114; 117; 115; 118; 116]], [92900; 84500; 82100; 88400; 80900; 95300; 80600; 96800; 98400; 97600; 100000; 81200; 94100; 91900; 100000; 90700; 100000; 87000; 99600; 100000; 100000; 95900; 75300], 435540, 435541, 12.316585063934326
21, 22, 0.9243314545454543, [60; 78; 36; 59; 76; 31; 34; 16; 0; 4; 50; 45; 54; 65; 28; 75; 84; 82; 94; 71; 88; 108; 81; 106; 111; 80; 1; 38; 12; 7; 10; 17; 32; 5; 25; 3; 37; 64; 48; 69; 15; 29; 9; 8; 19; 22; 63; 90; 86; 79; 68; 95; 91; 113; 58; 40; 85; 56; 87; 62; 93; 107; 73; 70; 100; 53; 83; 67; 102; 97; 74; 24; 13; 30; 27; 18; 46; 14; 26; 35; 55; 42; 44; 39; 20; 43; 89; 104; 57; 105; 99; 116; 33; 98; 96; 109; 101; 47; 115; 92; 119; 114; 2; 61; 112; 72; 103; 77; 66; 6; 21; 41; 23; 11; 49; 51; 52; 110; 117; 118], [[60; 78; 36; 59; 76]; [31; 34; 16; 0; 4]; [50; 45; 54; 65; 28]; [75; 84; 82; 94; 71; 88]; [108; 81; 106; 111; 80; 1]; [38; 12; 7; 10; 17]; [32; 5; 25; 3; 37]; [64; 48; 69; 15; 29]; [9; 8; 19; 22; 63]; [90; 86; 79; 68; 95; 91]; [113; 58; 40; 85; 56]; [87; 62; 93; 107; 73; 70]; [100; 53; 83; 67; 102; 97]; [74; 24; 13; 30; 27]; [18; 46; 14; 26; 35]; [55; 42; 44; 39; 20]; [43; 89; 104; 57; 105; 99]; [116; 33; 98; 96; 109; 101]; [47; 115; 92; 119; 114; 2]; [61; 112; 72; 103; 77; 66]; [6; 21; 41; 23; 11]; [49; 51; 52; 110; 117; 118]], [87600; 96900; 90900; 100000; 99900; 96800; 96300; 91300; 95300; 99100; 85800; 100000; 99500; 93600; 94900; 92800; 99600; 96900; 99800; 99900; 96300; 100000], 149940, 149941, 4.368969917297363
59, 23, 0.8500504347826087, [45; 43; 42; 49; 46; 14; 9; 15; 10; 13; 61; 64; 72; 62; 63; 87; 107; 58; 108; 27; 104; 23; 19; 22; 24; 28; 53; 55; 59; 60; 54; 70; 76; 71; 73; 75; 92; 78; 112; 103; 89; 12; 106; 109; 68; 96; 90; 37; 38; 41; 39; 40; 111; 91; 85; 86; 105; 6; 7; 4; 11; 8; 33; 35; 34; 36; 30; 100; 117; 82; 66; 47; 79; 98; 97; 95; 94; 81; 16; 21; 18; 17; 20; 1; 2; 5; 3; 0; 88; 110; 74; 93; 84; 44; 52; 50; 48; 51; 25; 31; 29; 32; 26; 83; 57; 69; 77; 101; 102; 65; 67; 80; 99; 115; 56; 113; 116; 118; 114; 119], [[45; 43; 42; 49; 46]; [14; 9; 15; 10; 13]; [61; 64; 72; 62; 63]; [87; 107; 58; 108; 27; 104]; [23; 19; 22; 24; 28]; [53; 55; 59; 60; 54]; [70; 76; 71; 73; 75]; [92; 78; 112; 103; 89]; [12; 106; 109; 68; 96; 90]; [37; 38; 41; 39; 40]; [111; 91; 85; 86; 105]; [6; 7; 4; 11; 8]; [33; 35; 34; 36; 30]; [100; 117; 82; 66; 47; 79]; [98; 97; 95; 94; 81]; [16; 21; 18; 17; 20]; [1; 2; 5; 3; 0]; [88; 110; 74; 93; 84]; [44; 52; 50; 48; 51]; [25; 31; 29; 32; 26]; [83; 57; 69; 77; 101; 102]; [65; 67; 80; 99; 115; 56]; [113; 116; 118; 114; 119]], [91800; 97700; 87000; 100000; 96000; 89100; 85100; 80600; 100000; 92800; 80400; 98400; 93900; 100000; 80700; 96700; 99600; 81700; 91200; 95000; 100000; 100000; 75500], 428400, 428401, 14.374152660369873
66, 24, 0.7950017500000001, [32; 26; 29; 31; 27; 81; 78; 70; 73; 72; 99; 77; 111; 93; 76; 36; 34; 30; 35; 33; 59; 62; 66; 61; 63; 103; 98; 90; 96; 67; 28; 101; 95; 107; 108; 48; 51; 50; 49; 54; 115; 68; 69; 116; 65; 44; 46; 43; 41; 47; 12; 15; 10; 14; 13; 106; 64; 82; 114; 109; 7; 6; 8; 11; 5; 102; 104; 52; 60; 89; 85; 92; 86; 88; 80; 87; 55; 53; 57; 56; 58; 37; 38; 40; 39; 42; 71; 117; 105; 75; 110; 1; 3; 2; 0; 4; 20; 23; 24; 21; 25; 112; 84; 91; 9; 94; 97; 17; 16; 19; 18; 22; 79; 113; 45; 100; 83; 74; 119; 118], [[32; 26; 29; 31; 27]; [81; 78; 70; 73; 72]; [99; 77; 111; 93; 76]; [36; 34; 30; 35; 33]; [59; 62; 66; 61; 63]; [103; 98; 90; 96; 67]; [28; 101; 95; 107; 108]; [48; 51; 50; 49; 54]; [115; 68; 69; 116; 65]; [44; 46; 43; 41; 47]; [12; 15; 10; 14; 13]; [106; 64; 82; 114; 109]; [7; 6; 8; 11; 5]; [102; 104; 52; 60; 89; 85]; [92; 86; 88; 80; 87]; [55; 53; 57; 56; 58]; [37; 38; 40; 39; 42]; [71; 117; 105; 75; 110]; [1; 3; 2; 0; 4]; [20; 23; 24; 21; 25]; [112; 84; 91; 9; 94; 97]; [17; 16; 19; 18; 22]; [79; 113; 45; 100; 83; 74]; [119; 118]], [95000; 84800; 81400; 93900; 87400; 81000; 82000; 91000; 81700; 91900; 97600; 80400; 98400; 100000; 82400; 89100; 92800; 80100; 99600; 96000; 100000; 96700; 100000; 30000], 478380, 478381, 14.495701313018799
77, 23, 0.8534430434782607, [99; 57; 95; 109; 110; 8; 15; 11; 14; 12; 45; 46; 49; 51; 52; 48; 40; 47; 43; 44; 37; 41; 42; 38; 39; 71; 76; 117; 67; 70; 81; 65; 101; 60; 84; 75; 102; 66; 100; 61; 90; 83; 91; 93; 92; 107; 80; 77; 33; 68; 72; 111; 106; 96; 54; 56; 59; 53; 55; 36; 35; 31; 34; 30; 5; 10; 6; 9; 7; 85; 78; 113; 112; 98; 1; 0; 3; 2; 4; 63; 64; 74; 69; 58; 73; 103; 82; 104; 108; 13; 17; 20; 16; 18; 87; 105; 86; 88; 50; 79; 32; 114; 62; 89; 97; 94; 29; 26; 24; 27; 25; 28; 23; 21; 22; 19; 115; 118; 116; 119], [[99; 57; 95; 109; 110]; [8; 15; 11; 14; 12]; [45; 46; 49; 51; 52]; [48; 40; 47; 43; 44]; [37; 41; 42; 38; 39]; [71; 76; 117; 67; 70; 81]; [65; 101; 60; 84; 75; 102]; [66; 100; 61; 90; 83; 91]; [93; 92; 107; 80; 77]; [33; 68; 72; 111; 106; 96]; [54; 56; 59; 53; 55]; [36; 35; 31; 34; 30]; [5; 10; 6; 9; 7]; [85; 78; 113; 112; 98]; [1; 0; 3; 2; 4]; [63; 64; 74; 69; 58]; [73; 103; 82; 104; 108]; [13; 17; 20; 16; 18]; [87; 105; 86; 88; 50; 79]; [32; 114; 62; 89; 97; 94]; [29; 26; 24; 27; 25]; [28; 23; 21; 22; 19]; [115; 118; 116; 119]], [80500; 97700; 91200; 91900; 92800; 100000; 100000; 100000; 81800; 100000; 89400; 94000; 98400; 80100; 99600; 86600; 80600; 96900; 100000; 100000; 95400; 96200; 60100], 556920, 556921, 17.555864095687866
57, 23, 0.8493943478260869, [89; 90; 116; 87; 81; 18; 16; 20; 21; 19; 14; 15; 10; 8; 13; 105; 118; 98; 86; 68; 3; 7; 9; 6; 11; 39; 41; 43; 40; 42; 23; 24; 26; 25; 27; 82; 79; 77; 101; 88; 62; 112; 99; 95; 72; 51; 69; 71; 80; 78; 63; 59; 61; 58; 60; 75; 65; 70; 76; 114; 85; 96; 108; 64; 106; 28; 32; 34; 29; 31; 97; 102; 17; 115; 84; 67; 110; 100; 93; 119; 22; 52; 5; 4; 2; 0; 1; 53; 55; 54; 56; 57; 49; 45; 48; 44; 50; 38; 36; 33; 35; 37; 109; 104; 113; 103; 46; 12; 66; 47; 111; 73; 74; 117; 107; 83; 94; 92; 91; 30], [[89; 90; 116; 87; 81]; [18; 16; 20; 21; 19]; [14; 15; 10; 8; 13]; [105; 118; 98; 86; 68]; [3; 7; 9; 6; 11]; [39; 41; 43; 40; 42]; [23; 24; 26; 25; 27]; [82; 79; 77; 101; 88]; [62; 112; 99; 95; 72]; [51; 69; 71; 80; 78]; [63; 59; 61; 58; 60]; [75; 65; 70; 76; 114]; [85; 96; 108; 64; 106]; [28; 32; 34; 29; 31]; [97; 102; 17; 115; 84; 67]; [110; 100; 93; 119; 22; 52]; [5; 4; 2; 0; 1]; [53; 55; 54; 56; 57]; [49; 45; 48; 44; 50]; [38; 36; 33; 35; 37]; [109; 104; 113; 103; 46; 12]; [66; 47; 111; 73; 74; 117]; [107; 83; 94; 92; 91; 30]], [80800; 96600; 97700; 80200; 98500; 92500; 95600; 82600; 81900; 86000; 87700; 83500; 81000; 94700; 100000; 100000; 99500; 89500; 91500; 93400; 100000; 100000; 100000], 414120, 414121, 13.399646997451782
63, 24, 0.80368775, [74; 77; 73; 75; 69; 0; 5; 1; 2; 3; 94; 92; 104; 93; 96; 7; 11; 4; 9; 10; 97; 99; 82; 112; 85; 8; 24; 18; 23; 20; 31; 28; 27; 26; 29; 67; 72; 71; 66; 65; 64; 58; 59; 57; 56; 110; 90; 116; 91; 43; 36; 41; 42; 39; 37; 79; 76; 83; 87; 86; 54; 52; 55; 53; 50; 101; 60; 95; 103; 111; 6; 16; 21; 22; 19; 88; 108; 61; 105; 106; 14; 17; 12; 15; 13; 81; 80; 63; 40; 115; 109; 45; 51; 49; 46; 47; 34; 33; 35; 38; 30; 48; 68; 102; 100; 98; 78; 62; 25; 113; 114; 89; 84; 107; 32; 44; 70; 118; 117; 119], [[74; 77; 73; 75; 69]; [0; 5; 1; 2; 3]; [94; 92; 104; 93; 96]; [7; 11; 4; 9; 10]; [97; 99; 82; 112; 85]; [8; 24; 18; 23; 20]; [31; 28; 27; 26; 29]; [67; 72; 71; 66; 65]; [64; 58; 59; 57; 56]; [110; 90; 116; 91; 43]; [36; 41; 42; 39; 37]; [79; 76; 83; 87; 86]; [54; 52; 55; 53; 50]; [101; 60; 95; 103; 111]; [6; 16; 21; 22; 19]; [88; 108; 61; 105; 106]; [14; 17; 12; 15; 13]; [81; 80; 63; 40; 115; 109]; [45; 51; 49; 46; 47]; [34; 33; 35; 38; 30]; [48; 68; 102; 100; 98; 78]; [62; 25; 113; 114; 89; 84]; [107; 32; 44; 70; 118; 117]; [119]], [85000; 99600; 80400; 98300; 80500; 96500; 95200; 86000; 88100; 81400; 92900; 83400; 90300; 80400; 97000; 80600; 97400; 100000; 91400; 93800; 100000; 100000; 100000; 15000], 456960, 456961, 14.396978855133057
57, 23, 0.8499091304347826, [34; 32; 33; 35; 31; 47; 44; 49; 45; 41; 116; 98; 94; 90; 70; 10; 13; 15; 12; 14; 83; 38; 95; 66; 97; 109; 108; 110; 63; 112; 88; 3; 4; 2; 1; 0; 56; 58; 54; 60; 65; 20; 18; 23; 19; 27; 77; 89; 96; 119; 74; 29; 36; 39; 37; 40; 64; 100; 106; 114; 61; 42; 69; 75; 68; 84; 105; 85; 82; 62; 76; 80; 53; 93; 72; 71; 118; 87; 92; 107; 73; 86; 117; 6; 9; 5; 7; 11; 52; 48; 51; 46; 55; 28; 24; 30; 25; 26; 111; 102; 59; 99; 101; 8; 21; 22; 16; 17; 115; 103; 78; 43; 50; 104; 113; 91; 57; 67; 81; 79], [[34; 32; 33; 35; 31]; [47; 44; 49; 45; 41]; [116; 98; 94; 90; 70]; [10; 13; 15; 12; 14]; [83; 38; 95; 66; 97; 109]; [108; 110; 63; 112; 88]; [3; 4; 2; 1; 0]; [56; 58; 54; 60; 65]; [20; 18; 23; 19; 27]; [77; 89; 96; 119; 74]; [29; 36; 39; 37; 40]; [64; 100; 106; 114; 61]; [42; 69; 75; 68; 84]; [105; 85; 82; 62; 76; 80]; [53; 93; 72; 71; 118; 87]; [92; 107; 73; 86; 117]; [6; 9; 5; 7; 11]; [52; 48; 51; 46; 55]; [28; 24; 30; 25; 26]; [111; 102; 59; 99; 101]; [8; 21; 22; 16; 17]; [115; 103; 78; 43; 50; 104]; [113; 91; 57; 67; 81; 79]], [94100; 91800; 80500; 97600; 100000; 80200; 99600; 88200; 96200; 81100; 93400; 81600; 86400; 100000; 100000; 80400; 98400; 90900; 95300; 80500; 97000; 100000; 100000], 414120, 414121, 12.76407241821289
62, 23, 0.849669043478261, [70; 72; 78; 76; 75; 94; 119; 105; 62; 91; 14; 23; 21; 27; 19; 88; 107; 99; 68; 98; 26; 63; 60; 69; 71; 54; 113; 82; 102; 57; 86; 83; 51; 66; 114; 90; 92; 95; 112; 96; 84; 80; 13; 20; 17; 22; 18; 108; 97; 101; 67; 79; 30; 106; 93; 115; 103; 41; 39; 42; 40; 37; 46; 55; 45; 53; 56; 35; 38; 34; 36; 33; 47; 43; 48; 44; 49; 116; 64; 65; 100; 77; 61; 24; 31; 28; 29; 25; 12; 15; 16; 8; 9; 6; 5; 7; 11; 10; 4; 1; 2; 0; 3; 85; 59; 109; 89; 87; 58; 110; 32; 111; 74; 104; 73; 50; 52; 81; 118; 117], [[70; 72; 78; 76; 75]; [94; 119; 105; 62; 91]; [14; 23; 21; 27; 19]; [88; 107; 99; 68; 98]; [26; 63; 60; 69; 71]; [54; 113; 82; 102; 57; 86]; [83; 51; 66; 114; 90; 92]; [95; 112; 96; 84; 80]; [13; 20; 17; 22; 18]; [108; 97; 101; 67; 79]; [30; 106; 93; 115; 103]; [41; 39; 42; 40; 37]; [46; 55; 45; 53; 56]; [35; 38; 34; 36; 33]; [47; 43; 48; 44; 49]; [116; 64; 65; 100; 77; 61]; [24; 31; 28; 29; 25]; [12; 15; 16; 8; 9]; [6; 5; 7; 11; 10]; [4; 1; 2; 0; 3]; [85; 59; 109; 89; 87]; [58; 110; 32; 111; 74; 104]; [73; 50; 52; 81; 118; 117]], [85000; 80600; 96400; 81000; 88300; 100000; 100000; 80600; 96800; 81200; 81600; 92700; 90400; 93600; 91700; 100000; 95200; 97600; 98400; 99600; 82500; 100000; 100000], 449820, 449821, 13.605090618133545
