Iteración, Número Contenedores, FBPP, Solución, Representación, Pesos, Total Vecinos Visitados, Evaluaciones, Tiempo Ejecución 
22, 68, 0.8285838235294121, [24; 92; 38; 93; 49; 74; 65; 22; 8; 14; 44; 17; 15; 90; 37; 2; 35; 96; 43; 1; 88; 42; 6; 13; 67; 68; 83; 59; 31; 21; 20; 97; 30; 58; 72; 48; 4; 98; 39; 87; 45; 0; 52; 76; 11; 3; 36; 94; 34; 62; 84; 50; 86; 9; 79; 56; 95; 33; 23; 7; 19; 55; 73; 28; 40; 89; 70; 64; 41; 91; 29; 32; 10; 61; 69; 12; 18; 25; 75; 57; 16; 53; 78; 27; 51; 81; 71; 60; 63; 77; 46; 54; 82; 99; 26; 47; 85; 80; 66; 5], [[24]; [92; 38]; [93; 49]; [74; 65]; [22]; [8]; [14]; [44]; [17]; [15]; [90; 37]; [2]; [35; 96]; [43]; [1]; [88; 42]; [6]; [13]; [67; 68]; [83; 59]; [31]; [21]; [20]; [97; 30]; [58; 72]; [48]; [4]; [98; 39]; [87; 45]; [0]; [52; 76]; [11]; [3]; [36; 94]; [34]; [62; 84]; [50; 86]; [9]; [79; 56]; [95; 33]; [23]; [7]; [19]; [55; 73]; [28]; [40; 89]; [70; 64]; [41; 91]; [29]; [32]; [10]; [61; 69]; [12]; [18]; [25]; [75; 57]; [16]; [53; 78]; [27]; [51; 81]; [71; 60]; [63; 77]; [46]; [54; 82]; [99; 26]; [47; 85]; [80; 66]; [5]], [8200; 10000; 9200; 9300; 8300; 9300; 8900; 6900; 8800; 8800; 10000; 9700; 10000; 6900; 9800; 9700; 9400; 8900; 9300; 8900; 7700; 8500; 8600; 9900; 10000; 6600; 9600; 9300; 9800; 9900; 9900; 9000; 9600; 10000; 7600; 8700; 9600; 9200; 9500; 10000; 8200; 9300; 8600; 10000; 7900; 9900; 9500; 9700; 7900; 7700; 9200; 9700; 9000; 8800; 8000; 9900; 8800; 9700; 8000; 10000; 9700; 9000; 6800; 9300; 10000; 9900; 8800; 9500], 108900, 108901, 5.382983207702637
16, 68, 0.8283750000000003, [59; 67; 35; 50; 15; 83; 53; 51; 81; 4; 36; 99; 93; 38; 75; 54; 49; 95; 47; 65; 74; 7; 57; 79; 18; 90; 48; 0; 55; 76; 63; 78; 94; 44; 28; 17; 86; 43; 29; 13; 39; 88; 22; 24; 30; 23; 33; 97; 66; 71; 46; 85; 20; 10; 69; 60; 26; 8; 16; 40; 92; 9; 25; 12; 91; 37; 5; 21; 27; 3; 70; 58; 62; 68; 73; 61; 96; 84; 77; 31; 2; 56; 80; 14; 89; 41; 45; 34; 98; 42; 87; 64; 72; 6; 11; 1; 19; 32; 52; 82], [[59; 67]; [35]; [50]; [15]; [83; 53]; [51; 81]; [4]; [36; 99]; [93; 38]; [75; 54]; [49; 95]; [47]; [65; 74]; [7]; [57; 79]; [18]; [90; 48]; [0]; [55; 76]; [63; 78]; [94; 44]; [28]; [17]; [86; 43]; [29]; [13]; [39; 88]; [22]; [24]; [30]; [23]; [33; 97]; [66; 71]; [46; 85]; [20]; [10]; [69; 60]; [26]; [8]; [16]; [40; 92]; [9]; [25]; [12]; [91; 37]; [5]; [21]; [27]; [3]; [70; 58]; [62; 68]; [73; 61]; [96; 84; 77]; [31]; [2]; [56; 80]; [14]; [89; 41]; [45]; [34; 98]; [42; 87]; [64; 72]; [6]; [11]; [1]; [19]; [32]; [52; 82]], [10000; 7600; 6500; 8800; 9500; 10000; 9600; 9400; 9900; 9900; 9000; 6700; 9300; 9300; 9500; 8800; 9300; 9900; 9600; 8900; 9500; 7900; 8800; 10000; 7900; 8900; 9900; 8300; 8200; 7700; 8200; 9800; 9400; 10000; 8600; 9200; 9800; 8000; 9300; 8800; 9800; 9200; 8000; 9000; 10000; 9500; 8500; 8000; 9600; 10000; 9700; 9500; 9900; 7700; 9700; 9500; 8900; 9800; 6800; 9800; 9900; 9500; 9400; 9000; 9800; 8600; 7700; 9600], 79200, 79201, 2.7254204750061035
20, 68, 0.8282661764705883, [6; 11; 99; 32; 20; 7; 92; 49; 60; 68; 31; 97; 30; 1; 17; 67; 66; 21; 41; 84; 54; 72; 69; 24; 46; 50; 94; 26; 12; 90; 38; 86; 44; 98; 34; 40; 88; 23; 93; 37; 77; 63; 61; 74; 76; 52; 10; 27; 9; 42; 87; 33; 8; 96; 36; 28; 2; 82; 53; 73; 64; 56; 80; 43; 89; 0; 57; 79; 22; 15; 48; 35; 95; 91; 39; 78; 58; 13; 29; 55; 83; 25; 47; 5; 45; 85; 70; 65; 14; 51; 81; 4; 19; 16; 71; 59; 62; 75; 18; 3], [[6]; [11]; [99; 32]; [20]; [7]; [92; 49]; [60; 68]; [31; 97]; [30]; [1]; [17]; [67; 66]; [21]; [41]; [84; 54]; [72; 69]; [24]; [46]; [50; 94]; [26]; [12]; [90; 38]; [86; 44]; [98; 34]; [40; 88]; [23]; [93; 37]; [77; 63]; [61; 74]; [76; 52]; [10]; [27]; [9]; [42; 87]; [33]; [8]; [96; 36]; [28]; [2]; [82; 53]; [73; 64]; [56; 80]; [43; 89]; [0]; [57; 79]; [22]; [15]; [48]; [35; 95]; [91; 39]; [78; 58]; [13]; [29]; [55; 83]; [25]; [47]; [5]; [45; 85]; [70; 65]; [14]; [51; 81]; [4]; [19]; [16]; [71; 59]; [62; 75]; [18]; [3]], [9400; 9000; 9700; 8600; 9300; 9300; 9900; 9900; 7700; 9800; 8800; 9700; 8500; 7000; 9300; 8900; 8200; 6800; 9100; 8000; 9000; 10000; 10000; 9800; 9900; 8200; 9900; 9000; 9400; 9900; 9200; 8000; 9200; 9900; 7600; 9300; 9800; 7900; 9700; 9500; 9400; 9500; 9700; 9900; 9500; 8300; 8800; 6600; 10000; 9800; 9400; 8900; 7900; 9300; 8000; 6700; 9500; 10000; 9500; 8900; 10000; 9600; 8600; 8800; 9700; 9300; 8800; 9600], 99000, 99001, 3.4443113803863525
31, 69, 0.811871014492754, [65; 84; 66; 83; 62; 72; 8; 17; 80; 63; 23; 69; 61; 81; 51; 82; 42; 22; 44; 52; 76; 48; 14; 30; 98; 70; 58; 38; 90; 40; 89; 77; 53; 46; 37; 92; 64; 71; 4; 6; 95; 33; 97; 31; 25; 99; 7; 49; 24; 18; 75; 56; 86; 91; 74; 85; 45; 78; 55; 21; 13; 28; 3; 43; 93; 67; 60; 11; 15; 27; 2; 50; 12; 29; 10; 35; 96; 32; 79; 57; 94; 36; 1; 19; 9; 59; 68; 16; 5; 54; 73; 39; 88; 87; 41; 0; 47; 20; 26; 34], [[65; 84]; [66; 83]; [62; 72]; [8]; [17]; [80; 63]; [23]; [69; 61]; [81; 51]; [82]; [42]; [22]; [44]; [52; 76]; [48]; [14]; [30; 98]; [70; 58]; [38; 90]; [40; 89]; [77; 53]; [46]; [37; 92]; [64; 71]; [4]; [6]; [95; 33]; [97; 31]; [25; 99]; [7]; [49]; [24]; [18]; [75; 56]; [86; 91; 74]; [85; 45]; [78; 55]; [21]; [13]; [28]; [3]; [43; 93]; [67; 60]; [11]; [15]; [27]; [2]; [50]; [12]; [29]; [10]; [35; 96]; [32]; [79; 57]; [94; 36]; [1]; [19]; [9]; [59; 68]; [16]; [5]; [54; 73]; [39; 88]; [87; 41]; [0]; [47]; [20]; [26]; [34]], [8700; 8600; 9500; 9300; 8800; 8900; 8200; 9700; 10000; 3600; 6900; 8300; 6900; 9900; 6600; 8900; 9900; 10000; 10000; 9900; 9800; 6800; 10000; 9500; 9600; 9400; 10000; 9900; 10000; 9300; 6600; 8200; 8800; 9900; 10000; 10000; 9500; 8500; 8900; 7900; 9600; 9500; 10000; 9000; 8800; 8000; 9700; 6500; 9000; 7900; 9200; 10000; 7700; 9500; 10000; 9800; 8600; 9200; 9900; 8800; 9500; 10000; 9900; 10000; 9900; 6700; 8600; 8000; 7600], 158400, 158401, 5.407714605331421
32, 68, 0.8309397058823531, [23; 73; 57; 15; 0; 21; 12; 85; 45; 1; 26; 80; 64; 20; 18; 39; 89; 8; 92; 37; 84; 79; 93; 74; 56; 70; 58; 10; 68; 60; 71; 62; 90; 38; 19; 69; 59; 72; 63; 47; 66; 81; 13; 14; 36; 94; 55; 75; 16; 31; 98; 35; 95; 25; 99; 54; 82; 61; 67; 49; 78; 65; 29; 42; 87; 7; 2; 53; 77; 11; 44; 5; 6; 83; 51; 76; 52; 43; 86; 50; 27; 17; 97; 30; 24; 3; 9; 22; 91; 40; 48; 4; 34; 46; 41; 88; 32; 28; 96; 33], [[23]; [73; 57]; [15]; [0]; [21]; [12]; [85; 45]; [1]; [26]; [80; 64]; [20]; [18]; [39; 89]; [8]; [92; 37]; [84; 79; 93]; [74; 56]; [70; 58]; [10]; [68; 60]; [71; 62]; [90; 38]; [19]; [69; 59]; [72; 63]; [47]; [66; 81]; [13]; [14]; [36; 94]; [55; 75]; [16]; [31; 98]; [35; 95]; [25; 99]; [54; 82]; [61; 67]; [49]; [78; 65]; [29]; [42; 87]; [7]; [2]; [53; 77]; [11]; [44]; [5]; [6]; [83; 51]; [76; 52]; [43; 86]; [50]; [27]; [17]; [97; 30]; [24]; [3]; [9]; [22]; [91; 40]; [48]; [4]; [34]; [46]; [41; 88]; [32]; [28]; [96; 33]], [8200; 10000; 8800; 9900; 8500; 9000; 10000; 9800; 8000; 8900; 8600; 8800; 9900; 9300; 10000; 10000; 9900; 10000; 9200; 9900; 9500; 10000; 8600; 9800; 9500; 6700; 8700; 8900; 8900; 10000; 9900; 8800; 9900; 10000; 10000; 9300; 9900; 6600; 8900; 7900; 9900; 9300; 9700; 9800; 9000; 6900; 9500; 9400; 9900; 9900; 10000; 6500; 8000; 8800; 9900; 8200; 9600; 9200; 8300; 9800; 6600; 9600; 7600; 6800; 9800; 7700; 7900; 10000], 158400, 158401, 5.514527082443237
18, 68, 0.8283485294117646, [53; 77; 23; 2; 42; 91; 16; 21; 40; 89; 18; 27; 73; 55; 24; 20; 95; 35; 66; 71; 28; 85; 48; 45; 14; 19; 52; 79; 46; 93; 9; 83; 51; 12; 86; 49; 25; 68; 62; 29; 6; 69; 60; 7; 32; 50; 99; 78; 63; 15; 39; 96; 10; 59; 67; 64; 80; 22; 36; 33; 97; 61; 70; 5; 4; 74; 56; 0; 11; 87; 41; 30; 17; 37; 94; 38; 92; 81; 54; 58; 72; 1; 3; 75; 65; 8; 26; 84; 82; 90; 34; 98; 88; 43; 31; 47; 44; 13; 57; 76], [[53; 77]; [23]; [2]; [42; 91]; [16]; [21]; [40; 89]; [18]; [27]; [73; 55]; [24]; [20]; [95; 35]; [66; 71]; [28]; [85; 48]; [45]; [14]; [19]; [52; 79]; [46; 93]; [9]; [83; 51]; [12]; [86; 49]; [25]; [68; 62]; [29]; [6]; [69; 60]; [7]; [32]; [50; 99]; [78; 63]; [15]; [39; 96]; [10]; [59; 67]; [64; 80]; [22]; [36]; [33; 97]; [61; 70]; [5]; [4]; [74; 56]; [0]; [11]; [87; 41]; [30]; [17]; [37; 94]; [38; 92]; [81; 54]; [58; 72]; [1]; [3]; [75; 65]; [8]; [26]; [84; 82; 90]; [34; 98]; [88; 43]; [31]; [47]; [44]; [13]; [57; 76]], [9800; 8200; 9700; 9600; 8800; 8500; 9900; 8800; 8000; 10000; 8200; 8600; 10000; 9400; 7900; 9800; 6800; 8900; 8600; 9800; 9400; 9200; 9900; 9000; 9700; 8000; 9700; 7900; 9400; 9800; 9300; 7700; 8500; 8900; 8800; 9500; 9200; 10000; 8900; 8300; 7400; 9800; 9600; 9500; 9600; 9900; 9900; 9000; 10000; 7700; 8800; 9900; 10000; 9400; 10000; 9800; 9600; 9300; 9300; 8000; 9900; 9800; 9700; 7700; 6700; 6900; 8900; 9600], 89100, 89101, 3.0870232582092285
25, 68, 0.8301455882352944, [19; 21; 81; 51; 28; 7; 26; 99; 91; 39; 32; 50; 22; 20; 95; 35; 55; 73; 57; 77; 0; 16; 11; 14; 67; 63; 12; 61; 69; 5; 34; 96; 33; 36; 94; 85; 49; 64; 82; 78; 52; 54; 75; 18; 47; 23; 2; 27; 42; 86; 62; 84; 13; 3; 48; 60; 72; 8; 29; 92; 38; 66; 71; 43; 88; 1; 6; 24; 65; 79; 25; 44; 90; 40; 89; 46; 10; 17; 76; 53; 45; 41; 87; 9; 68; 59; 31; 98; 4; 93; 37; 74; 83; 70; 58; 80; 56; 30; 97; 15], [[19]; [21]; [81; 51]; [28]; [7]; [26; 99]; [91; 39]; [32]; [50]; [22]; [20]; [95; 35]; [55; 73]; [57; 77]; [0]; [16]; [11]; [14]; [67; 63]; [12]; [61; 69]; [5]; [34; 96]; [33]; [36; 94]; [85; 49]; [64; 82]; [78; 52]; [54; 75]; [18]; [47]; [23]; [2]; [27]; [42; 86]; [62; 84]; [13]; [3]; [48]; [60; 72]; [8]; [29]; [92; 38]; [66; 71]; [43; 88]; [1]; [6]; [24]; [65; 79]; [25]; [44; 90]; [40; 89]; [46]; [10]; [17]; [76; 53]; [45]; [41; 87]; [9]; [68; 59]; [31; 98]; [4]; [93; 37]; [74; 83]; [70; 58]; [80; 56]; [30; 97]; [15]], [8600; 8500; 10000; 7900; 9300; 10000; 9800; 7700; 6500; 8300; 8600; 10000; 10000; 9600; 9900; 8800; 9000; 8900; 9800; 9000; 9700; 9500; 10000; 7600; 10000; 9800; 8700; 9800; 9900; 8800; 6700; 8200; 9700; 8000; 10000; 8700; 8900; 9600; 6600; 9700; 9300; 7900; 10000; 9400; 9700; 9800; 9400; 8200; 8900; 8000; 9600; 9900; 6800; 9200; 8800; 9800; 6800; 10000; 9200; 9900; 9900; 9600; 9900; 7800; 10000; 9500; 9900; 8800], 123750, 123751, 4.2859156131744385
17, 68, 0.8285632352941178, [18; 17; 26; 99; 50; 79; 56; 38; 91; 16; 45; 85; 44; 86; 60; 75; 39; 88; 23; 59; 68; 72; 61; 84; 51; 29; 57; 83; 47; 90; 32; 73; 54; 76; 58; 69; 62; 64; 70; 36; 93; 55; 74; 92; 49; 30; 43; 89; 96; 41; 6; 52; 80; 15; 11; 48; 33; 46; 87; 63; 81; 3; 2; 35; 21; 31; 25; 67; 65; 24; 1; 20; 14; 8; 10; 0; 9; 82; 95; 77; 13; 98; 37; 42; 12; 5; 66; 71; 22; 27; 40; 94; 7; 19; 28; 34; 97; 4; 53; 78], [[18]; [17]; [26; 99]; [50]; [79; 56]; [38; 91]; [16]; [45; 85]; [44; 86]; [60; 75]; [39; 88]; [23]; [59; 68]; [72; 61]; [84; 51]; [29]; [57; 83]; [47; 90]; [32]; [73; 54]; [76; 58]; [69; 62]; [64; 70]; [36; 93]; [55; 74]; [92; 49]; [30]; [43; 89]; [96; 41]; [6]; [52; 80]; [15]; [11]; [48]; [33]; [46; 87]; [63; 81]; [3]; [2]; [35]; [21]; [31]; [25]; [67; 65]; [24]; [1]; [20]; [14]; [8]; [10]; [0]; [9]; [82; 95; 77]; [13]; [98; 37]; [42]; [12]; [5]; [66; 71]; [22]; [27]; [40; 94]; [7]; [19]; [28]; [34; 97]; [4]; [53; 78]], [8800; 8800; 10000; 6500; 9500; 10000; 8800; 10000; 10000; 9500; 9900; 8200; 9900; 9600; 9900; 7900; 9300; 9400; 7700; 10000; 9500; 9600; 9500; 10000; 9900; 9300; 7700; 9700; 9400; 9400; 9800; 8800; 9000; 6600; 7600; 9800; 8800; 9600; 9700; 7600; 8500; 7700; 8000; 9800; 8200; 9800; 8600; 8900; 9300; 9200; 9900; 9200; 9900; 8900; 9500; 6900; 9000; 9500; 9400; 8300; 8000; 9700; 9300; 8600; 7900; 9800; 9600; 9700], 84150, 84151, 2.902259349822998
31, 68, 0.8310073529411768, [38; 92; 42; 90; 41; 87; 60; 68; 4; 76; 63; 67; 59; 33; 96; 17; 48; 69; 61; 27; 56; 73; 36; 93; 86; 43; 85; 45; 5; 15; 80; 53; 9; 47; 11; 74; 57; 1; 26; 18; 7; 16; 52; 77; 24; 71; 58; 13; 62; 70; 22; 3; 6; 49; 30; 98; 44; 29; 79; 94; 82; 8; 12; 54; 75; 46; 65; 84; 2; 89; 40; 21; 91; 37; 50; 39; 88; 66; 83; 34; 95; 0; 64; 72; 28; 14; 78; 55; 32; 20; 19; 10; 23; 25; 99; 81; 51; 97; 31; 35], [[38; 92]; [42; 90]; [41; 87]; [60; 68]; [4]; [76; 63]; [67; 59]; [33; 96]; [17]; [48]; [69; 61]; [27]; [56; 73]; [36; 93]; [86; 43]; [85; 45]; [5]; [15]; [80; 53]; [9]; [47]; [11]; [74; 57]; [1]; [26]; [18]; [7]; [16]; [52; 77]; [24]; [71; 58]; [13]; [62; 70]; [22]; [3]; [6]; [49]; [30; 98]; [44]; [29]; [79; 94; 82]; [8]; [12]; [54; 75]; [46]; [65; 84]; [2]; [89; 40]; [21]; [91; 37]; [50]; [39; 88]; [66; 83]; [34; 95]; [0]; [64; 72]; [28]; [14]; [78; 55]; [32]; [20]; [19]; [10]; [23]; [25; 99]; [81; 51]; [97; 31]; [35]], [10000; 9600; 10000; 9900; 9600; 9000; 10000; 10000; 8800; 6600; 9700; 8000; 10000; 10000; 10000; 10000; 9500; 8800; 9700; 9200; 6700; 9000; 9900; 9800; 8000; 8800; 9300; 8800; 9900; 8200; 10000; 8900; 9500; 8300; 9600; 9400; 6600; 9900; 6900; 7900; 10000; 9300; 9000; 9900; 6800; 8700; 9700; 9900; 8500; 10000; 6500; 9900; 8600; 10000; 9900; 9500; 7900; 8900; 9500; 7700; 8600; 8600; 9200; 8200; 10000; 10000; 9900; 7600], 153450, 153451, 5.24851655960083
19, 68, 0.8289338235294116, [25; 33; 59; 68; 14; 9; 17; 87; 46; 79; 56; 63; 72; 23; 95; 36; 48; 6; 96; 34; 26; 50; 5; 20; 57; 82; 45; 64; 70; 37; 91; 94; 38; 11; 35; 99; 8; 30; 98; 83; 55; 15; 24; 73; 66; 77; 62; 67; 65; 89; 44; 4; 28; 90; 39; 32; 97; 93; 40; 60; 71; 16; 78; 52; 0; 22; 74; 58; 84; 61; 49; 7; 19; 31; 29; 43; 88; 3; 47; 85; 86; 42; 13; 2; 76; 69; 54; 75; 12; 27; 1; 10; 21; 92; 41; 51; 81; 53; 80; 18], [[25]; [33]; [59; 68]; [14]; [9]; [17]; [87; 46]; [79; 56]; [63; 72]; [23]; [95; 36]; [48]; [6]; [96; 34]; [26]; [50]; [5]; [20]; [57; 82]; [45]; [64; 70]; [37; 91]; [94; 38]; [11]; [35; 99]; [8]; [30; 98]; [83; 55]; [15]; [24]; [73; 66]; [77; 62]; [67; 65]; [89; 44]; [4]; [28]; [90; 39]; [32; 97]; [93; 40]; [60; 71]; [16]; [78; 52]; [0]; [22]; [74; 58]; [84; 61]; [49]; [7]; [19]; [31]; [29]; [43; 88]; [3]; [47; 85]; [86; 42]; [13]; [2]; [76; 69]; [54; 75]; [12]; [27]; [1]; [10]; [21]; [92; 41]; [51; 81]; [53; 80]; [18]], [8000; 7600; 9900; 8900; 9200; 8800; 9800; 9500; 9500; 8200; 9800; 6600; 9400; 10000; 8000; 6500; 9500; 8600; 9300; 6800; 9500; 10000; 9900; 9000; 9600; 9300; 9900; 9300; 8800; 8200; 9300; 9000; 9800; 9700; 9600; 7900; 9800; 9900; 9700; 9700; 8800; 9800; 9900; 8300; 9800; 8800; 6600; 9300; 8600; 7700; 7900; 9700; 9600; 9900; 10000; 8900; 9700; 8400; 9900; 9000; 8000; 9800; 9200; 8500; 9700; 10000; 9700; 8800], 94050, 94051, 3.2818942070007324
43, 69, 0.812256521739131, [92; 63; 97; 2; 52; 77; 28; 22; 33; 95; 19; 8; 47; 68; 59; 88; 83; 82; 7; 79; 64; 48; 58; 72; 42; 21; 66; 80; 50; 13; 32; 35; 6; 3; 46; 85; 51; 81; 16; 89; 39; 10; 27; 90; 37; 9; 67; 60; 38; 91; 41; 87; 23; 17; 14; 4; 71; 62; 53; 76; 0; 29; 45; 11; 56; 73; 40; 93; 20; 30; 61; 69; 34; 96; 70; 65; 49; 54; 74; 15; 1; 26; 12; 44; 31; 98; 43; 86; 18; 84; 24; 55; 75; 25; 99; 94; 36; 57; 78; 5], [[92; 63; 97]; [2]; [52; 77]; [28]; [22]; [33; 95]; [19]; [8]; [47]; [68; 59]; [88; 83; 82]; [7]; [79; 64]; [48]; [58; 72]; [42]; [21]; [66; 80]; [50]; [13]; [32]; [35]; [6]; [3]; [46; 85]; [51; 81]; [16]; [89; 39]; [10]; [27]; [90; 37]; [9]; [67; 60]; [38; 91]; [41; 87]; [23]; [17]; [14]; [4]; [71; 62]; [53; 76]; [0]; [29]; [45]; [11]; [56; 73]; [40; 93]; [20]; [30]; [61; 69]; [34; 96]; [70; 65]; [49]; [54; 74]; [15]; [1]; [26]; [12]; [44]; [31; 98]; [43; 86]; [18]; [84]; [24]; [55; 75]; [25; 99]; [94; 36]; [57; 78]; [5]], [10000; 9700; 9900; 7900; 8300; 10000; 8600; 9300; 6700; 9900; 10000; 9300; 8900; 6600; 10000; 6900; 8500; 8800; 6500; 8900; 7700; 7600; 9400; 9600; 10000; 10000; 8800; 9900; 9200; 8000; 10000; 9200; 10000; 10000; 10000; 8200; 8800; 8900; 9600; 9500; 9800; 9900; 7900; 6800; 9000; 10000; 9700; 8600; 7700; 9700; 10000; 9500; 6600; 9900; 8800; 9800; 8000; 9000; 6900; 9900; 10000; 8800; 3600; 8200; 9900; 10000; 10000; 9500; 9500], 217800, 217801, 7.4791553020477295
39, 69, 0.811960869565218, [22; 41; 87; 25; 99; 26; 79; 63; 46; 85; 10; 28; 59; 67; 20; 18; 4; 24; 68; 60; 70; 61; 39; 93; 13; 73; 57; 29; 15; 76; 52; 53; 77; 47; 34; 14; 55; 74; 95; 33; 3; 49; 2; 37; 92; 81; 51; 84; 8; 72; 58; 44; 16; 7; 21; 0; 90; 69; 88; 83; 66; 89; 40; 43; 54; 75; 11; 48; 27; 35; 96; 5; 17; 38; 91; 50; 64; 82; 31; 30; 98; 1; 94; 36; 86; 42; 23; 6; 12; 45; 9; 78; 65; 71; 62; 80; 56; 32; 97; 19], [[22]; [41; 87]; [25; 99]; [26]; [79; 63]; [46; 85]; [10]; [28]; [59; 67]; [20]; [18]; [4]; [24]; [68; 60]; [70; 61]; [39; 93]; [13]; [73; 57]; [29]; [15]; [76; 52]; [53; 77]; [47]; [34]; [14]; [55; 74]; [95; 33]; [3]; [49]; [2]; [37; 92]; [81; 51]; [84]; [8]; [72; 58]; [44]; [16]; [7]; [21]; [0]; [90; 69; 88]; [83; 66]; [89; 40]; [43]; [54; 75]; [11]; [48]; [27]; [35; 96]; [5]; [17]; [38; 91]; [50]; [64; 82]; [31]; [30; 98]; [1]; [94; 36]; [86; 42]; [23]; [6]; [12]; [45]; [9]; [78; 65]; [71; 62]; [80; 56]; [32; 97]; [19]], [8300; 10000; 10000; 8000; 8900; 10000; 9200; 7900; 10000; 8600; 8800; 9600; 8200; 9900; 9600; 9700; 8900; 10000; 7900; 8800; 9900; 9800; 6700; 7600; 8900; 9900; 10000; 9600; 6600; 9700; 10000; 10000; 3600; 9300; 10000; 6900; 8800; 9300; 8500; 9900; 10000; 8600; 9900; 6900; 9900; 9000; 6600; 8000; 10000; 9500; 8800; 10000; 6500; 8700; 7700; 9900; 9800; 10000; 10000; 8200; 9400; 9000; 6800; 9200; 8900; 9500; 9500; 9900; 8600], 198000, 198001, 6.772307872772217
20, 68, 0.8302485294117649, [22; 18; 38; 56; 80; 0; 44; 94; 26; 59; 68; 16; 33; 7; 31; 91; 37; 9; 4; 88; 41; 73; 64; 46; 85; 20; 35; 95; 15; 93; 36; 34; 96; 13; 50; 5; 6; 71; 66; 19; 49; 52; 76; 61; 72; 78; 63; 11; 28; 99; 42; 62; 69; 25; 84; 55; 51; 82; 24; 29; 12; 14; 77; 58; 48; 70; 65; 47; 32; 97; 17; 81; 83; 90; 8; 39; 89; 30; 98; 10; 40; 92; 86; 45; 2; 21; 1; 27; 75; 54; 43; 87; 3; 74; 57; 53; 79; 23; 60; 67], [[22]; [18]; [38]; [56; 80]; [0]; [44; 94]; [26]; [59; 68]; [16]; [33]; [7]; [31]; [91; 37]; [9]; [4]; [88; 41]; [73; 64]; [46; 85]; [20]; [35; 95]; [15]; [93; 36]; [34; 96]; [13]; [50]; [5]; [6]; [71; 66]; [19]; [49]; [52; 76]; [61; 72]; [78; 63]; [11]; [28; 99]; [42]; [62; 69]; [25]; [84; 55]; [51; 82]; [24]; [29]; [12]; [14]; [77; 58]; [48]; [70; 65]; [47]; [32; 97]; [17]; [81; 83; 90]; [8]; [39; 89]; [30; 98]; [10]; [40; 92]; [86; 45]; [2]; [21]; [1]; [27]; [75; 54]; [43; 87]; [3]; [74; 57]; [53; 79]; [23]; [60; 67]], [8300; 8800; 7300; 9500; 9900; 9500; 8000; 9900; 8800; 7600; 9300; 7700; 10000; 9200; 9600; 9800; 9400; 10000; 8600; 10000; 8800; 10000; 10000; 8900; 6500; 9500; 9400; 9400; 8600; 6600; 9900; 9600; 8900; 9000; 9900; 6900; 9600; 8000; 9300; 9900; 8200; 7900; 9000; 8900; 9500; 6600; 9500; 6700; 9900; 8800; 10000; 9300; 9900; 9900; 9200; 9800; 9900; 9700; 8500; 9800; 8000; 9900; 9900; 9600; 9900; 9700; 8200; 10000], 99000, 99001, 3.422477960586548
17, 68, 0.8286602941176471, [20; 19; 52; 82; 7; 37; 90; 32; 38; 55; 77; 31; 75; 63; 70; 62; 3; 65; 73; 49; 53; 81; 80; 56; 15; 21; 79; 98; 76; 28; 11; 95; 33; 13; 45; 8; 9; 5; 48; 92; 29; 17; 10; 71; 59; 39; 96; 54; 78; 88; 41; 4; 16; 0; 84; 51; 24; 83; 60; 85; 46; 69; 66; 25; 30; 47; 12; 22; 87; 42; 6; 34; 67; 61; 99; 27; 89; 43; 58; 72; 68; 64; 36; 94; 97; 35; 57; 74; 14; 44; 86; 1; 26; 91; 50; 2; 18; 23; 93; 40], [[20]; [19]; [52; 82]; [7]; [37; 90]; [32]; [38]; [55; 77]; [31]; [75; 63]; [70; 62]; [3]; [65; 73]; [49]; [53; 81]; [80; 56]; [15]; [21]; [79; 98; 76]; [28]; [11]; [95; 33]; [13]; [45]; [8]; [9]; [5]; [48; 92]; [29]; [17]; [10]; [71; 59]; [39; 96]; [54; 78]; [88; 41]; [4]; [16]; [0]; [84; 51]; [24]; [83; 60]; [85; 46]; [69; 66]; [25]; [30]; [47]; [12]; [22]; [87; 42]; [6]; [34]; [67; 61]; [99; 27]; [89; 43]; [58; 72]; [68; 64]; [36; 94]; [97; 35]; [57; 74]; [14]; [44; 86]; [1]; [26]; [91; 50]; [2]; [18]; [23]; [93; 40]], [8600; 8600; 9600; 9300; 10000; 7700; 7300; 9600; 7700; 9300; 9500; 9600; 9400; 6600; 9600; 9500; 8800; 8500; 9900; 7900; 9000; 10000; 8900; 6800; 9300; 9200; 9500; 9300; 7900; 8800; 9200; 9700; 9500; 9500; 9800; 9600; 8800; 9900; 9900; 8200; 8900; 10000; 9500; 8000; 7700; 6700; 9000; 8300; 9900; 9400; 7600; 9900; 10000; 9700; 10000; 9700; 10000; 9800; 9900; 8900; 10000; 9800; 8000; 9200; 9700; 8800; 8200; 9700], 84150, 84151, 2.9266390800476074
19, 68, 0.8284102941176471, [21; 80; 59; 38; 91; 18; 15; 2; 17; 69; 63; 23; 64; 77; 41; 88; 71; 70; 60; 73; 87; 48; 82; 66; 19; 0; 52; 79; 39; 95; 50; 67; 61; 85; 45; 40; 93; 99; 27; 31; 7; 29; 97; 32; 33; 14; 96; 35; 34; 47; 3; 28; 62; 76; 92; 43; 11; 10; 83; 51; 74; 56; 30; 42; 86; 25; 12; 16; 8; 75; 55; 4; 26; 6; 89; 44; 98; 49; 46; 78; 54; 5; 13; 68; 65; 37; 90; 22; 94; 36; 57; 84; 1; 72; 58; 53; 81; 9; 20; 24], [[21]; [80; 59]; [38; 91]; [18]; [15]; [2]; [17]; [69; 63]; [23]; [64; 77]; [41; 88]; [71; 70]; [60; 73]; [87; 48]; [82; 66]; [19]; [0]; [52; 79]; [39; 95]; [50]; [67; 61]; [85; 45]; [40; 93]; [99; 27]; [31]; [7]; [29]; [97; 32]; [33]; [14]; [96; 35]; [34]; [47]; [3]; [28]; [62; 76]; [92; 43]; [11]; [10]; [83; 51]; [74; 56]; [30]; [42; 86]; [25]; [12]; [16]; [8]; [75; 55]; [4]; [26]; [6]; [89; 44]; [98; 49]; [46]; [78; 54]; [5]; [13]; [68; 65]; [37; 90]; [22]; [94; 36]; [57; 84]; [1]; [72; 58]; [53; 81]; [9]; [20]; [24]], [8500; 9100; 10000; 8800; 8800; 9700; 8800; 9600; 8200; 9000; 9800; 8800; 9600; 9600; 8600; 8600; 9900; 9800; 9500; 6500; 9900; 10000; 9700; 10000; 7700; 9300; 7900; 9900; 7600; 8900; 10000; 7600; 6700; 9600; 7900; 9000; 9600; 9000; 9200; 9900; 9900; 7700; 10000; 8000; 9000; 8800; 9300; 9900; 9600; 8000; 9400; 9700; 8800; 6800; 9500; 9500; 8900; 9700; 10000; 8300; 10000; 9300; 9800; 10000; 9600; 9200; 8600; 8200], 94050, 94051, 3.2694242000579834
22, 68, 0.8293102941176471, [55; 80; 94; 36; 16; 91; 44; 49; 67; 59; 26; 45; 86; 54; 75; 11; 33; 18; 97; 84; 74; 27; 6; 51; 83; 41; 87; 13; 98; 32; 15; 46; 85; 30; 4; 70; 64; 42; 92; 81; 57; 7; 99; 34; 1; 40; 89; 10; 20; 38; 96; 93; 43; 2; 78; 58; 47; 9; 21; 56; 82; 37; 90; 35; 95; 50; 31; 22; 8; 73; 65; 48; 25; 29; 76; 53; 24; 88; 39; 71; 66; 62; 68; 52; 77; 79; 63; 69; 61; 28; 23; 17; 14; 12; 60; 72; 3; 5; 0; 19], [[55; 80]; [94; 36]; [16]; [91; 44]; [49]; [67; 59]; [26]; [45; 86]; [54; 75]; [11]; [33]; [18]; [97; 84; 74]; [27]; [6]; [51; 83]; [41; 87]; [13]; [98; 32]; [15]; [46; 85]; [30]; [4]; [70; 64]; [42; 92]; [81; 57]; [7]; [99; 34]; [1]; [40; 89]; [10]; [20]; [38; 96]; [93; 43]; [2]; [78; 58]; [47]; [9]; [21]; [56; 82]; [37; 90]; [35; 95]; [50]; [31]; [22]; [8]; [73; 65]; [48]; [25]; [29]; [76; 53]; [24]; [88; 39]; [71; 66]; [62; 68]; [52; 77]; [79; 63]; [69; 61]; [28]; [23]; [17]; [14]; [12]; [60; 72]; [3]; [5]; [0]; [19]], [9500; 10000; 8800; 9600; 6600; 10000; 8000; 9900; 9900; 9000; 7600; 8800; 10000; 8000; 9400; 9900; 10000; 8900; 9900; 8800; 10000; 7700; 9600; 9500; 9600; 9400; 9300; 9600; 9800; 9900; 9200; 8600; 9700; 9500; 9700; 9400; 6700; 9200; 8500; 9300; 10000; 10000; 6500; 7700; 8300; 9300; 9400; 6600; 8000; 7900; 9800; 8200; 9900; 9400; 9700; 9900; 8900; 9700; 7900; 8200; 8800; 8900; 9000; 9700; 9600; 9500; 9900; 8600], 108900, 108901, 3.7757043838500977
38, 68, 0.8303132352941183, [34; 17; 84; 66; 38; 91; 21; 7; 42; 92; 8; 0; 22; 40; 88; 48; 10; 1; 14; 37; 90; 44; 16; 46; 85; 32; 80; 62; 4; 72; 65; 55; 73; 50; 27; 6; 39; 89; 13; 58; 70; 51; 81; 83; 63; 19; 87; 41; 3; 18; 52; 77; 95; 35; 49; 61; 69; 23; 45; 43; 86; 28; 29; 57; 79; 98; 31; 5; 33; 96; 47; 94; 82; 75; 97; 67; 60; 2; 93; 36; 15; 30; 24; 20; 53; 76; 99; 26; 68; 59; 64; 71; 11; 54; 78; 74; 56; 12; 25; 9], [[34]; [17]; [84; 66]; [38; 91]; [21]; [7]; [42; 92]; [8]; [0]; [22]; [40; 88]; [48]; [10]; [1]; [14]; [37; 90]; [44]; [16]; [46; 85]; [32]; [80; 62]; [4]; [72; 65]; [55; 73]; [50]; [27]; [6]; [39; 89]; [13]; [58; 70]; [51; 81]; [83; 63]; [19]; [87; 41]; [3]; [18]; [52; 77]; [95; 35]; [49]; [61; 69]; [23]; [45]; [43; 86]; [28]; [29]; [57; 79]; [98; 31]; [5]; [33; 96]; [47; 94]; [82; 75; 97]; [67; 60]; [2]; [93; 36]; [15]; [30]; [24]; [20]; [53; 76]; [99; 26]; [68; 59]; [64; 71]; [11]; [54; 78]; [74; 56]; [12]; [25]; [9]], [7600; 8800; 8600; 10000; 8500; 9300; 9600; 9300; 9900; 8300; 9900; 6600; 9200; 9800; 8900; 10000; 6900; 8800; 10000; 7700; 8900; 9600; 9500; 10000; 6500; 8000; 9400; 9900; 8900; 10000; 10000; 8700; 8600; 10000; 9600; 8800; 9900; 10000; 6600; 9700; 8200; 6800; 10000; 7900; 7900; 9500; 9900; 9500; 10000; 9300; 10000; 10000; 9700; 10000; 8800; 7700; 8200; 8600; 9800; 10000; 9900; 9500; 9000; 9500; 9900; 9000; 8000; 9200], 188100, 188101, 6.4330408573150635
21, 68, 0.8290602941176471, [87; 44; 13; 10; 50; 41; 24; 28; 16; 84; 51; 4; 98; 32; 61; 72; 17; 57; 78; 48; 25; 29; 88; 45; 27; 23; 75; 62; 12; 89; 40; 81; 55; 18; 63; 71; 95; 34; 31; 97; 22; 14; 43; 94; 82; 52; 2; 19; 36; 93; 15; 99; 35; 8; 21; 26; 70; 66; 92; 42; 65; 68; 64; 69; 33; 85; 47; 67; 60; 56; 73; 3; 83; 76; 1; 5; 7; 11; 38; 96; 6; 9; 49; 53; 79; 20; 0; 77; 54; 58; 80; 46; 86; 30; 74; 59; 37; 91; 90; 39], [[87; 44]; [13]; [10]; [50]; [41]; [24]; [28]; [16]; [84; 51]; [4]; [98; 32]; [61; 72]; [17]; [57; 78]; [48]; [25]; [29]; [88; 45]; [27]; [23]; [75; 62]; [12]; [89; 40]; [81; 55]; [18]; [63; 71]; [95; 34]; [31; 97]; [22]; [14]; [43; 94]; [82; 52]; [2]; [19]; [36; 93]; [15]; [99; 35]; [8]; [21]; [26]; [70; 66]; [92; 42]; [65; 68]; [64; 69]; [33]; [85; 47]; [67; 60]; [56; 73]; [3]; [83; 76]; [1]; [5]; [7]; [11]; [38; 96]; [6]; [9]; [49]; [53; 79]; [20]; [0]; [77; 54]; [58; 80]; [46; 86]; [30]; [74; 59]; [37; 91]; [90; 39]], [9900; 8900; 9200; 6500; 7000; 8200; 7900; 8800; 9900; 9600; 9900; 9600; 8800; 9500; 6600; 8000; 7900; 9600; 8000; 8200; 9300; 9000; 9900; 9400; 8800; 9500; 10000; 9900; 8300; 8900; 9500; 9600; 9700; 8600; 10000; 8800; 9600; 9300; 8500; 8000; 9400; 9600; 9700; 9600; 7600; 9900; 10000; 10000; 9600; 7500; 9800; 9500; 9300; 9000; 9700; 9400; 9200; 6600; 9700; 8600; 9900; 9600; 9400; 9900; 7700; 9500; 10000; 9800], 103950, 103951, 3.637896776199341
20, 68, 0.8293955882352941, [3; 13; 96; 79; 78; 7; 68; 64; 4; 99; 26; 93; 44; 15; 28; 5; 14; 6; 33; 38; 90; 72; 59; 73; 57; 27; 36; 94; 22; 56; 80; 2; 29; 95; 40; 16; 67; 63; 66; 84; 87; 43; 41; 61; 71; 53; 83; 58; 70; 9; 10; 24; 18; 75; 54; 85; 49; 20; 86; 42; 48; 23; 45; 89; 34; 69; 60; 82; 51; 74; 65; 39; 88; 12; 17; 1; 47; 21; 62; 77; 25; 37; 92; 19; 8; 32; 98; 52; 76; 50; 35; 11; 31; 0; 97; 30; 55; 81; 91; 46], [[3]; [13]; [96; 79; 78]; [7]; [68; 64]; [4]; [99; 26]; [93; 44]; [15]; [28]; [5]; [14]; [6]; [33]; [38; 90]; [72; 59]; [73; 57]; [27]; [36; 94]; [22]; [56; 80]; [2]; [29]; [95; 40]; [16]; [67; 63]; [66; 84]; [87; 43]; [41]; [61; 71]; [53; 83]; [58; 70]; [9]; [10]; [24]; [18]; [75; 54]; [85; 49]; [20]; [86; 42]; [48]; [23]; [45; 89]; [34]; [69; 60]; [82; 51]; [74; 65]; [39; 88]; [12]; [17]; [1]; [47]; [21]; [62; 77]; [25]; [37; 92]; [19]; [8]; [32; 98]; [52; 76]; [50]; [35]; [11]; [31]; [0]; [97; 30]; [55; 81]; [91; 46]], [9600; 8900; 10000; 9300; 9700; 9600; 10000; 9500; 8800; 7900; 9500; 8900; 9400; 7600; 10000; 9700; 10000; 8000; 10000; 8300; 9500; 9700; 7900; 9500; 8800; 9800; 8600; 9900; 7000; 9600; 9500; 10000; 9200; 9200; 8200; 8800; 9900; 9800; 8600; 10000; 6600; 8200; 9600; 7600; 9800; 9900; 9300; 9900; 9000; 8800; 9800; 6700; 8500; 9000; 8000; 10000; 8600; 9300; 9900; 9900; 6500; 7600; 9000; 7700; 9900; 9900; 9400; 9500], 99000, 99001, 3.426044225692749
30, 69, 0.8120072463768118, [8; 47; 81; 51; 14; 71; 65; 79; 93; 82; 50; 4; 0; 6; 20; 2; 24; 58; 70; 23; 28; 11; 9; 59; 68; 21; 13; 19; 62; 12; 57; 75; 86; 43; 85; 46; 33; 96; 3; 17; 53; 76; 73; 56; 64; 84; 1; 74; 54; 55; 83; 18; 61; 69; 44; 92; 31; 97; 63; 72; 60; 67; 10; 99; 25; 94; 36; 98; 30; 88; 39; 38; 91; 26; 15; 52; 77; 48; 32; 7; 66; 27; 34; 16; 49; 42; 40; 89; 80; 95; 78; 41; 87; 45; 29; 35; 22; 37; 90; 5], [[8]; [47]; [81; 51]; [14]; [71; 65]; [79; 93; 82]; [50]; [4]; [0]; [6]; [20]; [2]; [24]; [58; 70]; [23]; [28]; [11]; [9]; [59; 68]; [21]; [13]; [19]; [62]; [12]; [57; 75]; [86; 43]; [85; 46]; [33; 96]; [3]; [17]; [53; 76]; [73; 56]; [64; 84]; [1]; [74; 54]; [55; 83]; [18]; [61; 69]; [44; 92]; [31; 97]; [63; 72]; [60; 67]; [10]; [99; 25]; [94; 36]; [98; 30]; [88; 39]; [38; 91]; [26]; [15]; [52; 77]; [48]; [32]; [7]; [66]; [27]; [34]; [16]; [49]; [42]; [40; 89]; [80; 95; 78]; [41; 87]; [45]; [29]; [35]; [22]; [37; 90]; [5]], [9300; 6700; 10000; 8900; 9500; 10000; 6500; 9600; 9900; 9400; 8600; 9700; 8200; 10000; 8200; 7900; 9000; 9200; 9900; 8500; 8900; 8600; 5100; 9000; 9900; 10000; 10000; 10000; 9600; 8800; 9800; 10000; 8700; 9800; 9900; 9300; 8800; 9700; 9600; 9900; 9500; 10000; 9200; 10000; 10000; 9900; 9900; 10000; 8000; 8800; 9900; 6600; 7700; 9300; 5000; 8000; 7600; 8800; 6600; 6900; 9900; 10000; 10000; 6800; 7900; 7600; 8300; 10000; 9500], 153450, 153451, 5.304348707199097
21, 68, 0.8287808823529415, [78; 52; 75; 57; 9; 32; 49; 85; 26; 37; 92; 21; 25; 68; 60; 38; 91; 33; 44; 89; 72; 65; 47; 19; 45; 71; 59; 18; 54; 73; 1; 23; 13; 69; 62; 40; 93; 29; 34; 12; 5; 6; 41; 87; 4; 39; 90; 11; 53; 81; 86; 48; 7; 3; 30; 98; 84; 95; 76; 70; 63; 22; 16; 36; 94; 2; 55; 83; 51; 82; 50; 88; 27; 17; 24; 67; 66; 99; 28; 43; 10; 97; 46; 35; 96; 80; 58; 79; 61; 14; 0; 15; 77; 64; 56; 74; 20; 8; 42; 31], [[78; 52]; [75; 57]; [9]; [32]; [49; 85]; [26]; [37; 92]; [21]; [25]; [68; 60]; [38; 91]; [33]; [44; 89]; [72; 65]; [47]; [19]; [45]; [71; 59]; [18]; [54; 73]; [1]; [23]; [13]; [69; 62]; [40; 93]; [29]; [34]; [12]; [5]; [6]; [41; 87]; [4]; [39; 90]; [11]; [53; 81]; [86; 48]; [7]; [3]; [30; 98]; [84; 95; 76]; [70; 63]; [22]; [16]; [36; 94]; [2]; [55; 83]; [51; 82]; [50; 88]; [27]; [17]; [24]; [67; 66]; [99; 28]; [43]; [10]; [97; 46]; [35; 96]; [80; 58]; [79; 61]; [14]; [0]; [15]; [77; 64]; [56; 74]; [20]; [8]; [42]; [31]], [9800; 9900; 9200; 7700; 9800; 8000; 10000; 8500; 8000; 9900; 10000; 7600; 9700; 9500; 6700; 8600; 6800; 9700; 8800; 10000; 9800; 8200; 8900; 9600; 9700; 7900; 7600; 9000; 9500; 9400; 10000; 9600; 9800; 9000; 9600; 9700; 9300; 9600; 9900; 9900; 9500; 8300; 8800; 10000; 9700; 9300; 9900; 9300; 8000; 8800; 8200; 9700; 9900; 6900; 9200; 9000; 10000; 9400; 9000; 8900; 9900; 8800; 9000; 9900; 8600; 9300; 6900; 7700], 103950, 103951, 3.601937770843506
18, 68, 0.8283544117647061, [10; 50; 22; 74; 56; 98; 34; 67; 64; 3; 53; 80; 91; 46; 1; 21; 55; 76; 73; 60; 58; 71; 18; 39; 94; 48; 29; 45; 86; 75; 66; 12; 62; 72; 7; 4; 2; 38; 90; 84; 51; 89; 41; 25; 33; 96; 82; 65; 16; 32; 52; 81; 37; 79; 57; 35; 63; 78; 24; 0; 95; 43; 27; 13; 69; 59; 17; 87; 44; 36; 93; 5; 9; 99; 28; 54; 83; 8; 15; 14; 30; 97; 61; 77; 31; 47; 85; 23; 42; 26; 88; 49; 6; 68; 70; 11; 92; 40; 20; 19], [[10]; [50]; [22]; [74; 56]; [98; 34]; [67; 64]; [3]; [53; 80]; [91; 46]; [1]; [21]; [55; 76]; [73; 60]; [58; 71]; [18]; [39; 94]; [48]; [29]; [45; 86]; [75; 66]; [12]; [62; 72]; [7]; [4]; [2]; [38; 90]; [84; 51]; [89; 41]; [25]; [33; 96]; [82; 65]; [16]; [32]; [52; 81]; [37]; [79; 57]; [35]; [63; 78]; [24]; [0]; [95; 43]; [27]; [13]; [69; 59]; [17]; [87; 44]; [36; 93]; [5]; [9]; [99; 28]; [54; 83]; [8]; [15]; [14]; [30; 97]; [61; 77]; [31]; [47; 85]; [23]; [42]; [26]; [88; 49]; [6]; [68; 70]; [11]; [92; 40]; [20]; [19]], [9200; 6500; 8300; 9900; 9800; 9800; 9600; 9700; 9500; 9800; 8500; 9600; 9600; 10000; 8800; 9700; 6600; 7900; 9900; 9200; 9000; 9500; 9300; 9600; 9700; 10000; 9900; 9800; 8000; 10000; 8700; 8800; 7700; 9700; 7300; 9500; 7600; 8900; 8200; 9900; 9300; 8000; 8900; 9800; 8800; 9900; 10000; 9500; 9200; 9900; 9300; 9300; 8800; 8900; 9900; 9100; 7700; 9900; 8200; 6900; 8000; 9400; 9400; 9000; 9000; 9800; 8600; 8600], 89100, 89101, 3.1476969718933105
20, 68, 0.8276250000000003, [36; 98; 22; 7; 33; 74; 65; 37; 92; 68; 60; 0; 23; 78; 53; 19; 99; 27; 16; 79; 62; 2; 93; 39; 56; 77; 29; 25; 35; 97; 18; 41; 10; 11; 34; 96; 21; 26; 14; 9; 76; 57; 75; 69; 1; 72; 59; 61; 67; 8; 13; 87; 46; 30; 28; 95; 45; 32; 64; 70; 49; 73; 66; 31; 3; 88; 48; 20; 82; 55; 38; 90; 4; 43; 54; 80; 24; 94; 42; 52; 84; 40; 89; 5; 63; 71; 81; 58; 15; 51; 83; 91; 44; 6; 86; 47; 85; 50; 12; 17], [[36; 98]; [22]; [7]; [33]; [74; 65]; [37; 92]; [68; 60]; [0]; [23]; [78; 53]; [19]; [99; 27]; [16]; [79; 62]; [2]; [93; 39]; [56; 77]; [29]; [25]; [35; 97]; [18]; [41]; [10]; [11]; [34; 96]; [21]; [26]; [14]; [9]; [76; 57]; [75; 69]; [1]; [72; 59]; [61; 67]; [8]; [13]; [87; 46]; [30]; [28]; [95; 45]; [32]; [64; 70]; [49]; [73; 66]; [31]; [3]; [88; 48]; [20]; [82; 55]; [38; 90]; [4]; [43]; [54; 80]; [24]; [94; 42]; [52; 84]; [40; 89]; [5]; [63; 71]; [81; 58]; [15]; [51; 83]; [91; 44]; [6]; [86; 47]; [85; 50]; [12]; [17]], [9600; 8300; 9300; 7600; 9300; 10000; 9900; 9900; 8200; 9700; 8600; 10000; 8800; 8900; 9700; 9700; 9600; 7900; 8000; 9800; 8800; 7000; 9200; 9000; 10000; 8500; 8000; 8900; 9200; 9600; 8700; 9800; 9700; 9900; 9300; 8900; 9800; 7700; 7900; 9200; 7700; 9500; 6600; 9300; 7700; 9600; 9400; 8600; 9300; 10000; 9600; 6900; 9500; 8200; 9500; 9600; 9900; 9500; 9500; 9300; 8800; 9900; 9600; 9400; 9800; 9700; 9000; 8800], 99000, 99001, 3.4714248180389404
36, 69, 0.8115318840579716, [29; 94; 42; 15; 50; 28; 12; 16; 90; 37; 85; 96; 71; 76; 53; 46; 63; 82; 34; 13; 2; 65; 78; 27; 88; 39; 25; 45; 8; 64; 72; 60; 67; 43; 92; 22; 32; 97; 3; 1; 4; 93; 36; 14; 40; 89; 91; 38; 33; 59; 68; 41; 87; 21; 20; 18; 77; 52; 9; 6; 62; 80; 49; 26; 99; 56; 79; 17; 57; 73; 19; 47; 0; 95; 35; 23; 98; 31; 44; 86; 48; 54; 75; 11; 55; 74; 30; 81; 51; 7; 24; 58; 70; 66; 84; 83; 5; 61; 69; 10], [[29]; [94; 42]; [15]; [50]; [28]; [12]; [16]; [90; 37]; [85; 96; 71]; [76; 53]; [46]; [63; 82]; [34]; [13]; [2]; [65; 78]; [27]; [88; 39]; [25]; [45]; [8]; [64; 72]; [60; 67]; [43; 92]; [22]; [32; 97]; [3]; [1]; [4]; [93; 36]; [14]; [40; 89]; [91; 38]; [33]; [59; 68]; [41; 87]; [21]; [20]; [18]; [77; 52]; [9]; [6]; [62; 80]; [49]; [26; 99]; [56; 79]; [17]; [57; 73]; [19]; [47]; [0]; [95; 35]; [23]; [98; 31]; [44; 86]; [48]; [54; 75]; [11]; [55; 74]; [30]; [81; 51]; [7]; [24]; [58; 70]; [66; 84]; [83]; [5]; [61; 69]; [10]], [7900; 9500; 8800; 6500; 7900; 9000; 8800; 10000; 10000; 9800; 6800; 8700; 7600; 8900; 9700; 8900; 8000; 9900; 8000; 6800; 9300; 9500; 10000; 9600; 8300; 9900; 9600; 9800; 9600; 10000; 8900; 9900; 10000; 7600; 9900; 10000; 8500; 8600; 8800; 9900; 9200; 9400; 8900; 6600; 10000; 9500; 8800; 10000; 8600; 6700; 9900; 10000; 8200; 9900; 10000; 6600; 9900; 9000; 9900; 7700; 10000; 9300; 8200; 10000; 8600; 3600; 9500; 9700; 9200], 183150, 183151, 6.2953102588653564
19, 68, 0.8295397058823534, [1; 10; 88; 42; 31; 22; 41; 87; 30; 0; 86; 47; 23; 61; 69; 48; 44; 45; 25; 7; 71; 66; 8; 36; 94; 34; 95; 40; 91; 13; 77; 60; 4; 63; 68; 3; 15; 97; 33; 12; 37; 92; 32; 16; 20; 67; 65; 19; 43; 89; 21; 17; 73; 55; 2; 98; 78; 80; 76; 58; 28; 46; 57; 74; 59; 84; 9; 11; 51; 82; 49; 38; 90; 99; 29; 26; 72; 62; 81; 52; 54; 79; 56; 75; 18; 27; 14; 96; 35; 64; 70; 93; 39; 5; 83; 53; 6; 85; 50; 24], [[1]; [10]; [88; 42]; [31]; [22]; [41; 87]; [30]; [0]; [86; 47]; [23]; [61; 69]; [48]; [44]; [45]; [25]; [7]; [71; 66]; [8]; [36; 94]; [34; 95]; [40; 91]; [13]; [77; 60]; [4]; [63; 68]; [3]; [15]; [97; 33]; [12]; [37; 92]; [32]; [16]; [20]; [67; 65]; [19]; [43; 89]; [21]; [17]; [73; 55]; [2]; [98; 78; 80]; [76; 58]; [28]; [46]; [57; 74]; [59; 84]; [9]; [11]; [51; 82]; [49]; [38; 90]; [99; 29]; [26]; [72; 62]; [81; 52]; [54; 79]; [56; 75]; [18]; [27]; [14]; [96; 35]; [64; 70]; [93; 39]; [5]; [83; 53]; [6]; [85; 50]; [24]], [9800; 9200; 9700; 7700; 8300; 10000; 7700; 9900; 9800; 8200; 9700; 6600; 6900; 6800; 8000; 9300; 9400; 9300; 10000; 10000; 9800; 8900; 9200; 9600; 9700; 9600; 8800; 9800; 9000; 10000; 7700; 8800; 8600; 9800; 8600; 9700; 8500; 8800; 10000; 9700; 9800; 9500; 7900; 6800; 9900; 8900; 9200; 9000; 9900; 6600; 10000; 9900; 8000; 9500; 9700; 9500; 9900; 8800; 8000; 8900; 10000; 9500; 9700; 9500; 9500; 9400; 9700; 8200], 94050, 94051, 3.278897285461426
24, 68, 0.8297367647058829, [80; 52; 91; 37; 92; 38; 11; 86; 50; 16; 73; 66; 49; 10; 13; 39; 89; 29; 30; 97; 25; 7; 64; 69; 0; 22; 8; 14; 83; 53; 18; 6; 3; 68; 60; 21; 63; 82; 57; 77; 9; 55; 75; 47; 44; 90; 1; 59; 71; 4; 65; 72; 41; 94; 85; 46; 43; 17; 26; 74; 79; 27; 99; 93; 36; 20; 12; 31; 98; 54; 84; 15; 62; 76; 19; 45; 24; 48; 5; 58; 70; 35; 95; 78; 56; 67; 61; 2; 23; 33; 81; 51; 28; 87; 42; 96; 34; 32; 88; 40], [[80; 52]; [91; 37]; [92; 38]; [11]; [86; 50]; [16]; [73; 66]; [49]; [10]; [13]; [39; 89]; [29]; [30; 97]; [25]; [7]; [64; 69]; [0]; [22]; [8]; [14]; [83; 53]; [18]; [6]; [3]; [68; 60]; [21]; [63; 82]; [57; 77]; [9]; [55; 75]; [47]; [44; 90]; [1]; [59; 71]; [4]; [65; 72]; [41; 94]; [85; 46]; [43]; [17]; [26]; [74; 79]; [27; 99]; [93; 36]; [20]; [12]; [31; 98]; [54; 84]; [15]; [62; 76]; [19]; [45]; [24]; [48]; [5]; [58; 70]; [35; 95]; [78; 56]; [67; 61]; [2]; [23]; [33]; [81; 51]; [28]; [87; 42]; [96; 34]; [32]; [88; 40]], [9800; 10000; 10000; 9000; 9600; 8800; 9300; 6600; 9200; 8900; 9900; 7900; 9900; 8000; 9300; 9600; 9900; 8300; 9300; 8900; 9500; 8800; 9400; 9600; 9900; 8500; 8700; 9600; 9200; 9900; 6700; 9600; 9800; 9700; 9600; 9500; 9600; 10000; 6900; 8800; 8000; 8000; 10000; 10000; 8600; 9000; 9900; 9300; 8800; 9000; 8600; 6800; 8200; 6600; 9500; 10000; 10000; 9500; 9900; 9700; 8200; 7600; 10000; 7900; 9900; 10000; 7700; 9900], 118800, 118801, 4.160035133361816
19, 68, 0.8299191176470591, [17; 75; 55; 28; 34; 84; 53; 6; 48; 61; 70; 1; 49; 77; 52; 3; 23; 88; 40; 67; 60; 45; 85; 78; 63; 2; 81; 82; 92; 19; 24; 43; 91; 18; 30; 97; 4; 47; 86; 65; 69; 21; 98; 31; 7; 96; 35; 33; 95; 26; 22; 44; 90; 51; 83; 73; 57; 16; 74; 56; 27; 8; 62; 68; 64; 72; 50; 13; 37; 12; 59; 71; 9; 66; 79; 93; 36; 15; 29; 11; 80; 58; 39; 89; 76; 54; 14; 32; 5; 38; 0; 10; 99; 25; 94; 46; 42; 41; 87; 20], [[17]; [75; 55]; [28]; [34]; [84; 53]; [6]; [48]; [61; 70]; [1]; [49]; [77; 52]; [3]; [23]; [88; 40]; [67; 60]; [45; 85]; [78; 63]; [2]; [81; 82; 92]; [19]; [24]; [43; 91]; [18]; [30; 97]; [4]; [47; 86]; [65; 69]; [21]; [98; 31]; [7]; [96; 35]; [33; 95]; [26]; [22]; [44; 90]; [51; 83]; [73; 57]; [16]; [74; 56]; [27]; [8]; [62; 68]; [64; 72]; [50]; [13]; [37]; [12]; [59; 71]; [9]; [66; 79]; [93; 36]; [15]; [29]; [11]; [80; 58]; [39; 89]; [76; 54]; [14]; [32]; [5]; [38]; [0]; [10]; [99; 25]; [94; 46]; [42]; [41; 87]; [20]], [8800; 9900; 7900; 7600; 9500; 9400; 6600; 9600; 9800; 6600; 9900; 9600; 8200; 9900; 10000; 10000; 8900; 9700; 10000; 8600; 8200; 9600; 8800; 9900; 9600; 9800; 9600; 8500; 9900; 9300; 10000; 10000; 8000; 8300; 9600; 9900; 10000; 8800; 9900; 8000; 9300; 9700; 9500; 6500; 8900; 7300; 9000; 9700; 9200; 8800; 10000; 8800; 7900; 9000; 9400; 9900; 9600; 8900; 7700; 9500; 7300; 9900; 9200; 10000; 9400; 6900; 10000; 8600], 94050, 94051, 3.224635362625122
23, 68, 0.8290426470588238, [86; 46; 84; 51; 21; 38; 91; 48; 5; 4; 23; 70; 66; 30; 98; 80; 52; 77; 57; 14; 31; 97; 43; 89; 49; 64; 68; 1; 41; 60; 67; 13; 96; 34; 54; 74; 22; 53; 81; 78; 63; 11; 79; 59; 33; 95; 76; 56; 8; 35; 12; 85; 47; 0; 2; 15; 75; 62; 9; 25; 19; 92; 40; 45; 7; 24; 6; 17; 3; 27; 10; 73; 69; 88; 44; 20; 39; 72; 58; 26; 83; 55; 61; 71; 18; 36; 93; 42; 87; 32; 37; 94; 28; 29; 99; 65; 82; 50; 90; 16], [[86; 46]; [84; 51]; [21]; [38; 91]; [48]; [5]; [4]; [23]; [70; 66]; [30; 98]; [80; 52]; [77; 57]; [14]; [31; 97]; [43; 89]; [49]; [64; 68]; [1]; [41]; [60; 67]; [13]; [96; 34]; [54; 74]; [22]; [53; 81]; [78; 63]; [11]; [79; 59]; [33; 95]; [76; 56]; [8]; [35]; [12]; [85; 47]; [0]; [2]; [15]; [75; 62]; [9]; [25]; [19]; [92; 40]; [45]; [7]; [24]; [6]; [17]; [3]; [27]; [10]; [73; 69]; [88; 44]; [20]; [39]; [72; 58]; [26]; [83; 55]; [61; 71]; [18]; [36; 93]; [42; 87]; [32]; [37; 94]; [28]; [29; 99]; [65; 82]; [50; 90]; [16]], [9900; 9900; 8500; 10000; 6600; 9500; 9600; 8200; 9400; 9900; 9800; 9600; 8900; 9900; 9700; 6600; 9700; 9800; 7000; 10000; 8900; 10000; 9900; 8300; 9600; 8900; 9000; 9100; 10000; 9600; 9300; 7600; 9000; 9900; 9900; 9700; 8800; 9300; 9200; 8000; 8600; 9800; 6800; 9300; 8200; 9400; 8800; 9600; 8000; 9200; 8800; 9700; 8600; 7100; 10000; 8000; 9300; 9600; 8800; 10000; 9900; 7700; 9900; 7900; 9900; 8700; 9200; 8800], 113850, 113851, 3.9651482105255127
26, 68, 0.8307632352941179, [75; 56; 94; 36; 29; 51; 81; 77; 52; 4; 3; 79; 66; 68; 64; 83; 60; 28; 17; 12; 53; 80; 2; 21; 14; 93; 84; 82; 69; 61; 16; 44; 48; 32; 97; 0; 20; 85; 46; 86; 43; 76; 57; 6; 72; 62; 24; 34; 95; 23; 9; 65; 67; 7; 49; 13; 25; 99; 40; 90; 92; 38; 37; 91; 47; 18; 70; 63; 71; 59; 11; 22; 10; 1; 87; 42; 31; 15; 5; 98; 30; 78; 54; 26; 8; 50; 45; 39; 88; 89; 41; 73; 58; 35; 96; 33; 19; 27; 55; 74], [[75; 56]; [94; 36]; [29]; [51; 81]; [77; 52]; [4]; [3]; [79; 66]; [68; 64]; [83; 60]; [28]; [17]; [12]; [53; 80]; [2]; [21]; [14]; [93; 84; 82]; [69; 61]; [16]; [44]; [48]; [32; 97]; [0]; [20]; [85; 46]; [86; 43]; [76; 57]; [6]; [72; 62]; [24]; [34; 95]; [23]; [9]; [65; 67]; [7]; [49]; [13]; [25; 99]; [40; 90]; [92; 38]; [37; 91]; [47]; [18]; [70; 63]; [71; 59]; [11]; [22]; [10]; [1]; [87; 42]; [31]; [15]; [5]; [98; 30]; [78; 54]; [26]; [8]; [50]; [45]; [39; 88]; [89; 41]; [73; 58]; [35; 96]; [33]; [19]; [27]; [55; 74]], [9900; 10000; 7900; 10000; 9900; 9600; 9600; 8800; 9700; 8900; 7900; 8800; 9000; 9700; 9700; 8500; 8900; 9800; 9700; 8800; 6900; 6600; 9900; 9900; 8600; 10000; 10000; 9600; 9400; 9500; 8200; 10000; 8200; 9200; 9800; 9300; 6600; 8900; 10000; 9800; 10000; 10000; 6700; 8800; 9500; 9700; 9000; 8300; 9200; 9800; 9900; 7700; 8800; 9500; 9900; 9500; 8000; 9300; 6500; 6800; 9900; 9800; 9900; 10000; 7600; 8600; 8000; 9900], 128700, 128701, 4.460057258605957
20, 68, 0.828154411764706, [0; 9; 75; 57; 17; 38; 92; 79; 56; 35; 22; 2; 37; 62; 72; 29; 49; 36; 88; 40; 86; 42; 69; 59; 30; 3; 52; 81; 16; 58; 74; 68; 60; 45; 91; 53; 78; 44; 96; 13; 25; 10; 97; 33; 5; 26; 14; 23; 31; 98; 48; 85; 1; 4; 47; 67; 63; 28; 39; 90; 24; 41; 87; 18; 54; 77; 32; 43; 89; 34; 99; 20; 7; 8; 6; 27; 21; 83; 51; 80; 84; 93; 66; 70; 46; 94; 73; 55; 64; 71; 95; 50; 15; 65; 76; 19; 12; 11; 82; 61], [[0]; [9]; [75; 57]; [17]; [38; 92]; [79; 56]; [35]; [22]; [2]; [37]; [62; 72]; [29]; [49]; [36]; [88; 40]; [86; 42]; [69; 59]; [30]; [3]; [52; 81]; [16]; [58; 74]; [68; 60]; [45; 91]; [53; 78]; [44; 96]; [13]; [25]; [10]; [97; 33]; [5]; [26]; [14]; [23]; [31; 98]; [48; 85]; [1]; [4]; [47]; [67; 63]; [28]; [39; 90]; [24]; [41; 87]; [18]; [54; 77]; [32]; [43; 89]; [34; 99]; [20]; [7]; [8]; [6]; [27]; [21]; [83; 51]; [80; 84; 93]; [66; 70]; [46; 94]; [73; 55]; [64; 71]; [95; 50]; [15]; [65; 76]; [19]; [12]; [11]; [82; 61]], [9900; 9200; 9900; 8800; 10000; 9500; 7600; 8300; 9700; 7300; 9500; 7900; 6600; 7400; 9900; 10000; 9800; 7700; 9600; 9700; 8800; 9800; 9900; 9500; 9700; 9300; 8900; 8000; 9200; 9800; 9500; 8000; 8900; 8200; 9900; 9800; 9800; 9600; 6700; 9800; 7900; 9800; 8200; 10000; 8800; 9600; 7700; 9700; 9600; 8600; 9300; 9300; 9400; 8000; 8500; 9900; 10000; 9400; 9400; 10000; 9500; 8900; 8800; 9000; 8600; 9000; 9000; 8800], 99000, 99001, 3.463327407836914
